0001_0037_0072_0103_0103.jpg 1 37 72 103 103
0002_0095_0162_0046_0046.jpg 1 95 162 46 46
0003_0080_0036_0080_0080.jpg 1 80 36 80 80
0004_0104_0038_0069_0069.jpg 1 104 38 69 69
0005_0125_0079_0033_0033.jpg 1 125 79 33 33
0006_0102_0071_0065_0065.jpg 1 102 71 65 65
0007_0070_0076_0065_0065.jpg 1 70 76 65 65
0008_0020_0058_0078_0078.jpg 1 20 58 78 78
0009_0098_0063_0078_0078.jpg 1 98 63 78 78
0010_0049_0004_0104_0104.jpg 1 49 4 104 104
0011_0075_0112_0041_0041.jpg 1 75 112 41 41
0012_0109_0028_0115_0115.jpg 1 109 28 115 115
0013_0116_0032_0106_0106.jpg 1 116 32 106 106
0014_0061_0057_0089_0089.jpg 1 61 57 89 89
0015_0095_0055_0097_0097.jpg 1 95 55 97 97
0016_0091_0063_0079_0079.jpg 1 91 63 79 79
0017_0059_0085_0075_0075.jpg 1 59 85 75 75
0018_0074_0152_0064_0064.jpg 1 74 152 64 64
0019_0075_0059_0096_0096.jpg 1 75 59 96 96
0020_0029_0037_0127_0127.jpg 1 29 37 127 127
0021_0088_0033_0120_0120.jpg 1 88 33 120 120
0022_0037_0067_0089_0089.jpg 1 37 67 89 89
0023_0056_0071_0077_0077.jpg 1 56 71 77 77
0024_0105_0008_0106_0106.jpg 1 105 8 106 106
0025_0071_0030_0105_0105.jpg 1 71 30 105 105
0026_0138_0036_0074_0074.jpg 1 138 36 74 74
0027_0093_0044_0100_0100.jpg 1 93 44 100 100
0028_0129_0009_0103_0103.jpg 1 129 9 103 103
0029_0145_0058_0027_0027.jpg 1 145 58 27 27
0030_0069_0075_0063_0063.jpg 1 69 75 63 63
0031_0154_0041_0037_0037.jpg 1 154 41 37 37
0032_0131_0033_0042_0042.jpg 1 131 33 42 42
0033_0103_0054_0072_0072.jpg 1 103 54 72 72
0034_0138_0030_0035_0035.jpg 1 138 30 35 35
0035_0172_0078_0049_0049.jpg 1 172 78 49 49
0036_0124_0058_0066_0066.jpg 1 124 58 66 66
0037_0058_0088_0078_0078.jpg 1 58 88 78 78
0038_0179_0067_0050_0050.jpg 1 179 67 50 50
0039_0074_0034_0116_0116.jpg 1 74 34 116 116
0040_0108_0024_0062_0062.jpg 1 108 24 62 62
0041_0017_0012_0099_0099.jpg 1 17 12 99 99
0042_0014_0050_0115_0115.jpg 1 14 50 115 115
0043_0067_0031_0112_0112.jpg 1 67 31 112 112
0044_0098_0049_0045_0045.jpg 1 98 49 45 45
0045_0095_0049_0038_0038.jpg 1 95 49 38 38
0046_0173_0058_0039_0039.jpg 1 173 58 39 39
0047_0143_0030_0077_0077.jpg 1 143 30 77 77
0048_0075_0046_0039_0039.jpg 1 75 46 39 39
0049_0051_0044_0055_0055.jpg 1 51 44 55 55
0050_0049_0048_0078_0078.jpg 1 49 48 78 78
0001_0026_0076_0069_0069.jpg 1 26 76 69 69
0002_0126_0049_0057_0057.jpg 1 126 49 57 57
0003_0068_0083_0091_0091.jpg 1 68 83 91 91
0004_0138_0091_0052_0052.jpg 1 138 91 52 52
0005_0095_0043_0123_0123.jpg 1 95 43 123 123
0006_0049_0033_0040_0040.jpg 1 49 33 40 40
0007_0041_0045_0112_0112.jpg 1 41 45 112 112
0008_0147_0073_0068_0068.jpg 1 147 73 68 68
0009_0138_0024_0057_0057.jpg 1 138 24 57 57
0010_0014_0069_0074_0074.jpg 1 14 69 74 74
0011_0185_0041_0041_0041.jpg 1 185 41 41 41
0012_0011_0164_0107_0107.jpg 1 11 164 107 107
0013_0047_0032_0041_0041.jpg 1 47 32 41 41
0014_0100_0007_0092_0092.jpg 1 100 7 92 92
0015_0082_0062_0041_0041.jpg 1 82 62 41 41
0016_0063_0040_0128_0128.jpg 1 63 40 128 128
0017_0079_0065_0105_0105.jpg 1 79 65 105 105
0018_0028_0024_0071_0071.jpg 1 28 24 71 71
0019_0030_0022_0069_0069.jpg 1 30 22 69 69
0020_0101_0053_0109_0109.jpg 1 101 53 109 109
0021_0031_0030_0088_0088.jpg 1 31 30 88 88
0022_0139_0056_0071_0071.jpg 1 139 56 71 71
0023_0039_0023_0092_0092.jpg 1 39 23 92 92
0024_0106_0091_0042_0042.jpg 1 106 91 42 42
0025_0085_0046_0073_0073.jpg 1 85 46 73 73
0026_0027_0156_0025_0025.jpg 1 27 156 25 25
0027_0093_0023_0117_0117.jpg 1 93 23 117 117
0028_0043_0018_0122_0122.jpg 1 43 18 122 122
0029_0109_0016_0122_0122.jpg 1 109 16 122 122
0030_0119_0050_0109_0109.jpg 1 119 50 109 109
0031_0027_0053_0099_0099.jpg 1 27 53 99 99
0032_0032_0014_0107_0107.jpg 1 32 14 107 107
0033_0076_0012_0093_0093.jpg 1 76 12 93 93
0034_0092_0113_0026_0026.jpg 1 92 113 26 26
0035_0112_0044_0110_0110.jpg 1 112 44 110 110
0036_0073_0054_0075_0075.jpg 1 73 54 75 75
0037_0115_0106_0057_0057.jpg 1 115 106 57 57
0038_0094_0090_0064_0064.jpg 1 94 90 64 64
0039_0077_0045_0088_0088.jpg 1 77 45 88 88
0040_0133_0081_0058_0058.jpg 1 133 81 58 58
0041_0059_0064_0076_0076.jpg 1 59 64 76 76
0042_0079_0070_0103_0103.jpg 1 79 70 103 103
0043_0030_0035_0128_0128.jpg 1 30 35 128 128
0044_0059_0023_0125_0125.jpg 1 59 23 125 125
0045_0145_0065_0087_0087.jpg 1 145 65 87 87
0046_0152_0050_0047_0047.jpg 1 152 50 47 47
0047_0051_0027_0103_0103.jpg 1 51 27 103 103
0048_0063_0015_0110_0110.jpg 1 63 15 110 110
0049_0118_0026_0114_0114.jpg 1 118 26 114 114
0050_0139_0033_0054_0054.jpg 1 139 33 54 54
0001_0082_0012_0125_0125.jpg 1 82 12 125 125
0002_0082_0020_0097_0097.jpg 1 82 20 97 97
0003_0093_0062_0053_0053.jpg 1 93 62 53 53
0004_0199_0116_0024_0024.jpg 1 199 116 24 24
0005_0096_0024_0024_0024.jpg 1 96 24 24 24
0006_0121_0018_0031_0031.jpg 1 121 18 31 31
0007_0103_0048_0081_0081.jpg 1 103 48 81 81
0008_0016_0048_0118_0118.jpg 1 16 48 118 118
0009_0030_0023_0124_0124.jpg 1 30 23 124 124
0010_0157_0107_0063_0063.jpg 1 157 107 63 63
0011_0094_0031_0061_0061.jpg 1 94 31 61 61
0012_0107_0020_0111_0111.jpg 1 107 20 111 111
0013_0166_0054_0057_0057.jpg 1 166 54 57 57
0014_0038_0140_0025_0025.jpg 1 38 140 25 25
0015_0020_0046_0085_0085.jpg 1 20 46 85 85
0016_0140_0085_0037_0037.jpg 1 140 85 37 37
0017_0128_0066_0067_0067.jpg 1 128 66 67 67
0018_0067_0051_0115_0115.jpg 1 67 51 115 115
0019_0085_0055_0095_0095.jpg 1 85 55 95 95
0020_0037_0029_0124_0124.jpg 1 37 29 124 124
0021_0061_0043_0119_0119.jpg 1 61 43 119 119
0022_0039_0044_0086_0086.jpg 1 39 44 86 86
0023_0078_0090_0057_0057.jpg 1 78 90 57 57
0024_0030_0028_0115_0115.jpg 1 30 28 115 115
0025_0125_0095_0051_0051.jpg 1 125 95 51 51
0026_0055_0015_0069_0069.jpg 1 55 15 69 69
0027_0038_0089_0083_0083.jpg 1 38 89 83 83
0028_0058_0071_0095_0095.jpg 1 58 71 95 95
0029_0068_0031_0069_0069.jpg 1 68 31 69 69
0030_0073_0100_0042_0042.jpg 1 73 100 42 42
0031_0042_0023_0096_0096.jpg 1 42 23 96 96
0032_0034_0011_0130_0130.jpg 1 34 11 130 130
0033_0055_0069_0083_0083.jpg 1 55 69 83 83
0034_0099_0048_0113_0113.jpg 1 99 48 113 113
0035_0126_0033_0083_0083.jpg 1 126 33 83 83
0036_0047_0093_0043_0043.jpg 1 47 93 43 43
0037_0038_0057_0055_0055.jpg 1 38 57 55 55
0038_0048_0087_0041_0041.jpg 1 48 87 41 41
0039_0034_0209_0035_0035.jpg 1 34 209 35 35
0040_0104_0043_0043_0043.jpg 1 104 43 43 43
0041_0096_0089_0029_0029.jpg 1 96 89 29 29
0042_0126_0030_0102_0102.jpg 1 126 30 102 102
0043_0047_0024_0104_0104.jpg 1 47 24 104 104
0044_0073_0038_0118_0118.jpg 1 73 38 118 118
0045_0164_0086_0066_0066.jpg 1 164 86 66 66
0046_0049_0016_0067_0067.jpg 1 49 16 67 67
0047_0104_0097_0048_0048.jpg 1 104 97 48 48
0048_0100_0014_0122_0122.jpg 1 100 14 122 122
0049_0029_0104_0068_0068.jpg 1 29 104 68 68
0050_0154_0074_0046_0046.jpg 1 154 74 46 46
0001_0098_0020_0113_0113.jpg 1 98 20 113 113
0002_0067_0062_0049_0049.jpg 1 67 62 49 49
0003_0147_0089_0039_0039.jpg 1 147 89 39 39
0004_0109_0066_0072_0072.jpg 1 109 66 72 72
0005_0141_0025_0035_0035.jpg 1 141 25 35 35
0006_0100_0024_0079_0079.jpg 1 100 24 79 79
0007_0104_0017_0102_0102.jpg 1 104 17 102 102
0008_0182_0069_0027_0027.jpg 1 182 69 27 27
0009_0037_0039_0070_0070.jpg 1 37 39 70 70
0010_0035_0104_0030_0030.jpg 1 35 104 30 30
0011_0063_0013_0104_0104.jpg 1 63 13 104 104
0012_0029_0074_0056_0056.jpg 1 29 74 56 56
0013_0043_0045_0041_0041.jpg 1 43 45 41 41
0014_0168_0019_0060_0060.jpg 1 168 19 60 60
0015_0129_0043_0074_0074.jpg 1 129 43 74 74
0016_0073_0012_0127_0127.jpg 1 73 12 127 127
0017_0033_0062_0115_0115.jpg 1 33 62 115 115
0018_0046_0026_0068_0068.jpg 1 46 26 68 68
0019_0132_0013_0085_0085.jpg 1 132 13 85 85
0020_0047_0020_0097_0097.jpg 1 47 20 97 97
0021_0163_0101_0055_0055.jpg 1 163 101 55 55
0022_0116_0067_0082_0082.jpg 1 116 67 82 82
0023_0093_0090_0032_0032.jpg 1 93 90 32 32
0024_0092_0054_0067_0067.jpg 1 92 54 67 67
0025_0080_0031_0025_0025.jpg 1 80 31 25 25
0026_0185_0034_0039_0039.jpg 1 185 34 39 39
0027_0050_0064_0061_0061.jpg 1 50 64 61 61
0028_0117_0021_0091_0091.jpg 1 117 21 91 91
0029_0017_0039_0079_0079.jpg 1 17 39 79 79
0030_0114_0088_0051_0051.jpg 1 114 88 51 51
0031_0050_0078_0037_0037.jpg 1 50 78 37 37
0032_0030_0057_0091_0091.jpg 1 30 57 91 91
0033_0044_0052_0104_0104.jpg 1 44 52 104 104
0034_0079_0044_0095_0095.jpg 1 79 44 95 95
0035_0088_0021_0068_0068.jpg 1 88 21 68 68
0036_0183_0088_0043_0043.jpg 1 183 88 43 43
0037_0069_0097_0071_0071.jpg 1 69 97 71 71
0038_0050_0125_0026_0026.jpg 1 50 125 26 26
0039_0036_0094_0078_0078.jpg 1 36 94 78 78
0040_0053_0058_0054_0054.jpg 1 53 58 54 54
0041_0037_0049_0091_0091.jpg 1 37 49 91 91
0042_0025_0094_0051_0051.jpg 1 25 94 51 51
0043_0141_0060_0055_0055.jpg 1 141 60 55 55
0044_0148_0056_0082_0082.jpg 1 148 56 82 82
0045_0065_0061_0086_0086.jpg 1 65 61 86 86
0046_0028_0075_0032_0032.jpg 1 28 75 32 32
0047_0073_0081_0042_0042.jpg 1 73 81 42 42
0048_0168_0106_0044_0044.jpg 1 168 106 44 44
0049_0040_0027_0072_0072.jpg 1 40 27 72 72
0050_0039_0058_0121_0121.jpg 1 39 58 121 121
0001_0084_0024_0057_0057.jpg 1 84 24 57 57
0002_0037_0075_0080_0080.jpg 1 37 75 80 80
0003_0070_0118_0050_0050.jpg 1 70 118 50 50
0004_0066_0023_0087_0087.jpg 1 66 23 87 87
0005_0156_0128_0041_0041.jpg 1 156 128 41 41
0006_0095_0022_0067_0067.jpg 1 95 22 67 67
0007_0141_0111_0028_0028.jpg 1 141 111 28 28
0008_0117_0055_0050_0050.jpg 1 117 55 50 50
0009_0119_0056_0088_0088.jpg 1 119 56 88 88
0010_0162_0071_0039_0039.jpg 1 162 71 39 39
0011_0023_0037_0024_0024.jpg 1 23 37 24 24
0012_0061_0133_0032_0032.jpg 1 61 133 32 32
0013_0023_0025_0085_0085.jpg 1 23 25 85 85
0014_0074_0041_0063_0063.jpg 1 74 41 63 63
0015_0045_0064_0052_0052.jpg 1 45 64 52 52
0016_0130_0046_0041_0041.jpg 1 130 46 41 41
0017_0027_0119_0026_0026.jpg 1 27 119 26 26
0018_0042_0192_0069_0069.jpg 1 42 192 69 69
0019_0188_0135_0027_0027.jpg 1 188 135 27 27
0020_0027_0080_0041_0041.jpg 1 27 80 41 41
0021_0070_0049_0100_0100.jpg 1 70 49 100 100
0022_0044_0062_0088_0088.jpg 1 44 62 88 88
0023_0046_0068_0050_0050.jpg 1 46 68 50 50
0024_0083_0100_0052_0052.jpg 1 83 100 52 52
0025_0145_0079_0071_0071.jpg 1 145 79 71 71
0026_0049_0027_0102_0102.jpg 1 49 27 102 102
0027_0138_0085_0031_0031.jpg 1 138 85 31 31
0028_0086_0079_0089_0089.jpg 1 86 79 89 89
0029_0030_0075_0072_0072.jpg 1 30 75 72 72
0030_0136_0023_0076_0076.jpg 1 136 23 76 76
0031_0153_0066_0046_0046.jpg 1 153 66 46 46
0032_0126_0015_0067_0067.jpg 1 126 15 67 67
0033_0132_0129_0033_0033.jpg 1 132 129 33 33
0034_0086_0057_0099_0099.jpg 1 86 57 99 99
0035_0061_0066_0033_0033.jpg 1 61 66 33 33
0036_0063_0034_0103_0103.jpg 1 63 34 103 103
0037_0095_0080_0032_0032.jpg 1 95 80 32 32
0038_0039_0089_0082_0082.jpg 1 39 89 82 82
0039_0020_0040_0100_0100.jpg 1 20 40 100 100
0040_0124_0075_0027_0027.jpg 1 124 75 27 27
0041_0081_0078_0086_0086.jpg 1 81 78 86 86
0042_0116_0021_0104_0104.jpg 1 116 21 104 104
0043_0023_0060_0052_0052.jpg 1 23 60 52 52
0044_0048_0066_0030_0030.jpg 1 48 66 30 30
0045_0022_0047_0044_0044.jpg 1 22 47 44 44
0046_0138_0064_0084_0084.jpg 1 138 64 84 84
0047_0162_0017_0057_0057.jpg 1 162 17 57 57
0048_0138_0024_0074_0074.jpg 1 138 24 74 74
0049_0062_0019_0080_0080.jpg 1 62 19 80 80
0050_0028_0110_0063_0063.jpg 1 28 110 63 63
0001_0029_0071_0065_0065.jpg 1 29 71 65 65
0002_0088_0061_0078_0078.jpg 1 88 61 78 78
0003_0078_0078_0073_0073.jpg 1 78 78 73 73
0004_0114_0036_0074_0074.jpg 1 114 36 74 74
0005_0070_0061_0117_0117.jpg 1 70 61 117 117
0006_0137_0043_0036_0036.jpg 1 137 43 36 36
0007_0105_0104_0051_0051.jpg 1 105 104 51 51
0008_0128_0043_0058_0058.jpg 1 128 43 58 58
0009_0057_0062_0032_0032.jpg 1 57 62 32 32
0010_0070_0057_0092_0092.jpg 1 70 57 92 92
0011_0107_0092_0056_0056.jpg 1 107 92 56 56
0012_0026_0054_0068_0068.jpg 1 26 54 68 68
0013_0041_0033_0110_0110.jpg 1 41 33 110 110
0014_0027_0088_0033_0033.jpg 1 27 88 33 33
0015_0050_0090_0050_0050.jpg 1 50 90 50 50
0016_0120_0035_0078_0078.jpg 1 120 35 78 78
0017_0007_0134_0118_0118.jpg 1 7 134 118 118
0018_0099_0011_0080_0080.jpg 1 99 11 80 80
0019_0176_0022_0036_0036.jpg 1 176 22 36 36
0020_0048_0035_0071_0071.jpg 1 48 35 71 71
0021_0112_0045_0091_0091.jpg 1 112 45 91 91
0022_0049_0059_0034_0034.jpg 1 49 59 34 34
0023_0187_0104_0036_0036.jpg 1 187 104 36 36
0024_0067_0025_0078_0078.jpg 1 67 25 78 78
0025_0129_0056_0096_0096.jpg 1 129 56 96 96
0026_0158_0102_0030_0030.jpg 1 158 102 30 30
0027_0102_0025_0064_0064.jpg 1 102 25 64 64
0028_0055_0047_0104_0104.jpg 1 55 47 104 104
0029_0056_0048_0035_0035.jpg 1 56 48 35 35
0030_0114_0031_0092_0092.jpg 1 114 31 92 92
0031_0041_0099_0050_0050.jpg 1 41 99 50 50
0032_0097_0039_0039_0039.jpg 1 97 39 39 39
0033_0115_0014_0121_0121.jpg 1 115 14 121 121
0034_0161_0028_0055_0055.jpg 1 161 28 55 55
0035_0103_0096_0028_0028.jpg 1 103 96 28 28
0036_0174_0037_0051_0051.jpg 1 174 37 51 51
0037_0054_0117_0047_0047.jpg 1 54 117 47 47
0038_0034_0108_0036_0036.jpg 1 34 108 36 36
0039_0131_0099_0071_0071.jpg 1 131 99 71 71
0040_0101_0064_0033_0033.jpg 1 101 64 33 33
0041_0046_0072_0030_0030.jpg 1 46 72 30 30
0042_0112_0008_0108_0108.jpg 1 112 8 108 108
0043_0078_0027_0103_0103.jpg 1 78 27 103 103
0044_0087_0041_0081_0081.jpg 1 87 41 81 81
0045_0158_0019_0060_0060.jpg 1 158 19 60 60
0046_0078_0095_0041_0041.jpg 1 78 95 41 41
0047_0050_0051_0054_0054.jpg 1 50 51 54 54
0048_0069_0045_0093_0093.jpg 1 69 45 93 93
0049_0042_0076_0098_0098.jpg 1 42 76 98 98
0050_0175_0078_0035_0035.jpg 1 175 78 35 35
0001_0049_0064_0067_0067.jpg 1 49 64 67 67
0002_0105_0028_0118_0118.jpg 1 105 28 118 118
0003_0101_0090_0035_0035.jpg 1 101 90 35 35
0004_0066_0031_0099_0099.jpg 1 66 31 99 99
0005_0059_0174_0072_0072.jpg 1 59 174 72 72
0006_0132_0039_0027_0027.jpg 1 132 39 27 27
0007_0109_0048_0126_0126.jpg 1 109 48 126 126
0008_0059_0043_0110_0110.jpg 1 59 43 110 110
0009_0040_0084_0059_0059.jpg 1 40 84 59 59
0010_0131_0092_0073_0073.jpg 1 131 92 73 73
0011_0041_0089_0085_0085.jpg 1 41 89 85 85
0012_0072_0041_0113_0113.jpg 1 72 41 113 113
0013_0046_0027_0071_0071.jpg 1 46 27 71 71
0014_0030_0018_0061_0061.jpg 1 30 18 61 61
0015_0113_0007_0123_0123.jpg 1 113 7 123 123
0016_0060_0152_0029_0029.jpg 1 60 152 29 29
0017_0071_0047_0110_0110.jpg 1 71 47 110 110
0018_0024_0017_0129_0129.jpg 1 24 17 129 129
0019_0087_0096_0070_0070.jpg 1 87 96 70 70
0020_0036_0138_0024_0024.jpg 1 36 138 24 24
0021_0109_0048_0126_0126.jpg 1 109 48 126 126
0022_0101_0102_0052_0052.jpg 1 101 102 52 52
0023_0058_0068_0057_0057.jpg 1 58 68 57 57
0024_0050_0183_0045_0045.jpg 1 50 183 45 45
0025_0021_0027_0081_0081.jpg 1 21 27 81 81
0026_0027_0046_0093_0093.jpg 1 27 46 93 93
0027_0109_0109_0064_0064.jpg 1 109 109 64 64
0028_0133_0091_0034_0034.jpg 1 133 91 34 34
0029_0030_0134_0025_0025.jpg 1 30 134 25 25
0030_0097_0077_0100_0100.jpg 1 97 77 100 100
0031_0093_0048_0110_0110.jpg 1 93 48 110 110
0032_0046_0034_0063_0063.jpg 1 46 34 63 63
0033_0096_0039_0124_0124.jpg 1 96 39 124 124
0034_0133_0115_0053_0053.jpg 1 133 115 53 53
0035_0032_0061_0050_0050.jpg 1 32 61 50 50
0036_0101_0019_0127_0127.jpg 1 101 19 127 127
0037_0105_0046_0120_0120.jpg 1 105 46 120 120
0038_0089_0038_0123_0123.jpg 1 89 38 123 123
0039_0060_0043_0026_0026.jpg 1 60 43 26 26
0040_0053_0118_0095_0095.jpg 1 53 118 95 95
0041_0080_0030_0099_0099.jpg 1 80 30 99 99
0042_0018_0044_0129_0129.jpg 1 18 44 129 129
0043_0026_0055_0077_0077.jpg 1 26 55 77 77
0044_0122_0034_0099_0099.jpg 1 122 34 99 99
0045_0132_0069_0052_0052.jpg 1 132 69 52 52
0046_0139_0100_0031_0031.jpg 1 139 100 31 31
0047_0114_0072_0024_0024.jpg 1 114 72 24 24
0048_0138_0113_0053_0053.jpg 1 138 113 53 53
0049_0063_0047_0112_0112.jpg 1 63 47 112 112
0050_0093_0014_0093_0093.jpg 1 93 14 93 93
0001_0049_0031_0123_0123.jpg 1 49 31 123 123
0002_0135_0035_0052_0052.jpg 1 135 35 52 52
0003_0018_0070_0105_0105.jpg 1 18 70 105 105
0004_0079_0050_0126_0126.jpg 1 79 50 126 126
0005_0071_0046_0032_0032.jpg 1 71 46 32 32
0006_0127_0037_0031_0031.jpg 1 127 37 31 31
0007_0097_0017_0070_0070.jpg 1 97 17 70 70
0008_0093_0024_0058_0058.jpg 1 93 24 58 58
0009_0031_0079_0024_0024.jpg 1 31 79 24 24
0010_0111_0024_0108_0108.jpg 1 111 24 108 108
0011_0064_0074_0055_0055.jpg 1 64 74 55 55
0012_0159_0011_0072_0072.jpg 1 159 11 72 72
0013_0026_0007_0121_0121.jpg 1 26 7 121 121
0014_0095_0083_0093_0093.jpg 1 95 83 93 93
0015_0171_0128_0030_0030.jpg 1 171 128 30 30
0016_0074_0037_0101_0101.jpg 1 74 37 101 101
0017_0060_0028_0121_0121.jpg 1 60 28 121 121
0018_0068_0068_0063_0063.jpg 1 68 68 63 63
0019_0088_0046_0123_0123.jpg 1 88 46 123 123
0020_0059_0046_0112_0112.jpg 1 59 46 112 112
0021_0040_0086_0032_0032.jpg 1 40 86 32 32
0022_0115_0030_0118_0118.jpg 1 115 30 118 118
0023_0041_0022_0084_0084.jpg 1 41 22 84 84
0024_0112_0070_0094_0094.jpg 1 112 70 94 94
0025_0079_0047_0122_0122.jpg 1 79 47 122 122
0026_0060_0049_0104_0104.jpg 1 60 49 104 104
0027_0045_0022_0101_0101.jpg 1 45 22 101 101
0028_0092_0082_0030_0030.jpg 1 92 82 30 30
0029_0058_0087_0070_0070.jpg 1 58 87 70 70
0030_0154_0066_0068_0068.jpg 1 154 66 68 68
0031_0078_0024_0110_0110.jpg 1 78 24 110 110
0032_0008_0110_0126_0126.jpg 1 8 110 126 126
0033_0134_0045_0037_0037.jpg 1 134 45 37 37
0034_0085_0039_0105_0105.jpg 1 85 39 105 105
0035_0047_0069_0107_0107.jpg 1 47 69 107 107
0036_0105_0073_0051_0051.jpg 1 105 73 51 51
0037_0033_0072_0090_0090.jpg 1 33 72 90 90
0038_0111_0029_0105_0105.jpg 1 111 29 105 105
0039_0051_0118_0048_0048.jpg 1 51 118 48 48
0040_0159_0039_0070_0070.jpg 1 159 39 70 70
0041_0127_0123_0027_0027.jpg 1 127 123 27 27
0042_0069_0020_0110_0110.jpg 1 69 20 110 110
0043_0035_0073_0065_0065.jpg 1 35 73 65 65
0044_0036_0063_0115_0115.jpg 1 36 63 115 115
0045_0036_0059_0088_0088.jpg 1 36 59 88 88
0046_0040_0092_0059_0059.jpg 1 40 92 59 59
0047_0156_0096_0055_0055.jpg 1 156 96 55 55
0048_0082_0174_0055_0055.jpg 1 82 174 55 55
0049_0112_0068_0101_0101.jpg 1 112 68 101 101
0050_0044_0061_0041_0041.jpg 1 44 61 41 41
0001_0037_0021_0053_0053.jpg 1 37 21 53 53
0002_0031_0061_0050_0050.jpg 1 31 61 50 50
0003_0096_0029_0062_0062.jpg 1 96 29 62 62
0004_0065_0044_0073_0073.jpg 1 65 44 73 73
0005_0040_0017_0046_0046.jpg 1 40 17 46 46
0006_0095_0057_0106_0106.jpg 1 95 57 106 106
0007_0029_0010_0103_0103.jpg 1 29 10 103 103
0008_0062_0055_0078_0078.jpg 1 62 55 78 78
0009_0023_0025_0079_0079.jpg 1 23 25 79 79
0010_0115_0063_0072_0072.jpg 1 115 63 72 72
0011_0082_0076_0068_0068.jpg 1 82 76 68 68
0012_0045_0039_0121_0121.jpg 1 45 39 121 121
0013_0058_0045_0055_0055.jpg 1 58 45 55 55
0014_0072_0068_0099_0099.jpg 1 72 68 99 99
0015_0093_0022_0127_0127.jpg 1 93 22 127 127
0016_0090_0065_0097_0097.jpg 1 90 65 97 97
0017_0034_0013_0089_0089.jpg 1 34 13 89 89
0018_0024_0019_0122_0122.jpg 1 24 19 122 122
0019_0044_0065_0060_0060.jpg 1 44 65 60 60
0020_0040_0013_0120_0120.jpg 1 40 13 120 120
0021_0142_0092_0062_0062.jpg 1 142 92 62 62
0022_0102_0056_0043_0043.jpg 1 102 56 43 43
0023_0095_0057_0067_0067.jpg 1 95 57 67 67
0024_0095_0030_0083_0083.jpg 1 95 30 83 83
0025_0094_0081_0062_0062.jpg 1 94 81 62 62
0026_0048_0068_0052_0052.jpg 1 48 68 52 52
0027_0070_0058_0063_0063.jpg 1 70 58 63 63
0028_0101_0044_0102_0102.jpg 1 101 44 102 102
0029_0107_0047_0121_0121.jpg 1 107 47 121 121
0030_0152_0072_0053_0053.jpg 1 152 72 53 53
0031_0063_0103_0037_0037.jpg 1 63 103 37 37
0032_0130_0114_0037_0037.jpg 1 130 114 37 37
0033_0047_0084_0049_0049.jpg 1 47 84 49 49
0034_0065_0038_0051_0051.jpg 1 65 38 51 51
0035_0097_0021_0039_0039.jpg 1 97 21 39 39
0036_0074_0031_0049_0049.jpg 1 74 31 49 49
0037_0015_0048_0092_0092.jpg 1 15 48 92 92
0038_0091_0015_0108_0108.jpg 1 91 15 108 108
0039_0061_0091_0038_0038.jpg 1 61 91 38 38
0040_0111_0066_0035_0035.jpg 1 111 66 35 35
0041_0037_0013_0091_0091.jpg 1 37 13 91 91
0042_0176_0095_0041_0041.jpg 1 176 95 41 41
0043_0046_0050_0070_0070.jpg 1 46 50 70 70
0044_0052_0041_0097_0097.jpg 1 52 41 97 97
0045_0023_0041_0110_0110.jpg 1 23 41 110 110
0046_0023_0105_0028_0028.jpg 1 23 105 28 28
0047_0109_0019_0119_0119.jpg 1 109 19 119 119
0048_0199_0037_0027_0027.jpg 1 199 37 27 27
0049_0026_0085_0085_0085.jpg 1 26 85 85 85
0050_0138_0045_0082_0082.jpg 1 138 45 82 82
0001_0198_0066_0025_0025.jpg 1 198 66 25 25
0002_0168_0062_0033_0033.jpg 1 168 62 33 33
0003_0121_0022_0110_0110.jpg 1 121 22 110 110
0004_0084_0020_0116_0116.jpg 1 84 20 116 116
0005_0173_0045_0046_0046.jpg 1 173 45 46 46
0006_0158_0083_0046_0046.jpg 1 158 83 46 46
0007_0067_0042_0071_0071.jpg 1 67 42 71 71
0008_0048_0009_0105_0105.jpg 1 48 9 105 105
0009_0074_0048_0123_0123.jpg 1 74 48 123 123
0010_0097_0040_0110_0110.jpg 1 97 40 110 110
0011_0052_0040_0074_0074.jpg 1 52 40 74 74
0012_0090_0028_0128_0128.jpg 1 90 28 128 128
0013_0081_0013_0100_0100.jpg 1 81 13 100 100
0014_0045_0068_0045_0045.jpg 1 45 68 45 45
0015_0116_0021_0097_0097.jpg 1 116 21 97 97
0016_0117_0047_0072_0072.jpg 1 117 47 72 72
0017_0036_0066_0110_0110.jpg 1 36 66 110 110
0018_0058_0028_0101_0101.jpg 1 58 28 101 101
0019_0041_0089_0054_0054.jpg 1 41 89 54 54
0020_0061_0017_0094_0094.jpg 1 61 17 94 94
0021_0032_0091_0123_0123.jpg 1 32 91 123 123
0022_0027_0010_0087_0087.jpg 1 27 10 87 87
0023_0097_0054_0108_0108.jpg 1 97 54 108 108
0024_0076_0057_0088_0088.jpg 1 76 57 88 88
0025_0022_0120_0028_0028.jpg 1 22 120 28 28
0026_0054_0033_0101_0101.jpg 1 54 33 101 101
0027_0123_0039_0107_0107.jpg 1 123 39 107 107
0028_0093_0015_0088_0088.jpg 1 93 15 88 88
0029_0071_0069_0069_0069.jpg 1 71 69 69 69
0030_0149_0025_0062_0062.jpg 1 149 25 62 62
0031_0111_0060_0111_0111.jpg 1 111 60 111 111
0032_0118_0030_0031_0031.jpg 1 118 30 31 31
0033_0116_0129_0034_0034.jpg 1 116 129 34 34
0034_0161_0023_0050_0050.jpg 1 161 23 50 50
0035_0065_0045_0106_0106.jpg 1 65 45 106 106
0036_0056_0070_0072_0072.jpg 1 56 70 72 72
0037_0021_0016_0065_0065.jpg 1 21 16 65 65
0038_0066_0054_0094_0094.jpg 1 66 54 94 94
0039_0054_0076_0057_0057.jpg 1 54 76 57 57
0040_0152_0060_0048_0048.jpg 1 152 60 48 48
0041_0018_0038_0115_0115.jpg 1 18 38 115 115
0042_0036_0102_0125_0125.jpg 1 36 102 125 125
0043_0055_0041_0111_0111.jpg 1 55 41 111 111
0044_0071_0032_0038_0038.jpg 1 71 32 38 38
0045_0055_0037_0024_0024.jpg 1 55 37 24 24
0046_0081_0013_0073_0073.jpg 1 81 13 73 73
0047_0133_0068_0093_0093.jpg 1 133 68 93 93
0048_0106_0072_0102_0102.jpg 1 106 72 102 102
0049_0150_0045_0072_0072.jpg 1 150 45 72 72
0050_0039_0028_0081_0081.jpg 1 39 28 81 81
0001_0160_0026_0047_0047.jpg 1 160 26 47 47
0002_0019_0056_0110_0110.jpg 1 19 56 110 110
0003_0114_0044_0097_0097.jpg 1 114 44 97 97
0004_0088_0045_0066_0066.jpg 1 88 45 66 66
0005_0045_0125_0042_0042.jpg 1 45 125 42 42
0006_0071_0116_0024_0024.jpg 1 71 116 24 24
0007_0046_0030_0117_0117.jpg 1 46 30 117 117
0008_0032_0045_0116_0116.jpg 1 32 45 116 116
0009_0113_0091_0072_0072.jpg 1 113 91 72 72
0010_0117_0016_0099_0099.jpg 1 117 16 99 99
0011_0134_0097_0055_0055.jpg 1 134 97 55 55
0012_0068_0076_0068_0068.jpg 1 68 76 68 68
0013_0113_0033_0097_0097.jpg 1 113 33 97 97
0014_0067_0042_0127_0127.jpg 1 67 42 127 127
0015_0075_0059_0062_0062.jpg 1 75 59 62 62
0016_0160_0055_0058_0058.jpg 1 160 55 58 58
0017_0051_0055_0032_0032.jpg 1 51 55 32 32
0018_0081_0022_0079_0079.jpg 1 81 22 79 79
0019_0029_0028_0126_0126.jpg 1 29 28 126 126
0020_0137_0106_0046_0046.jpg 1 137 106 46 46
0021_0017_0006_0130_0130.jpg 1 17 6 130 130
0022_0055_0090_0082_0082.jpg 1 55 90 82 82
0023_0087_0060_0094_0094.jpg 1 87 60 94 94
0024_0128_0224_0024_0024.jpg 1 128 224 24 24
0025_0125_0051_0066_0066.jpg 1 125 51 66 66
0026_0109_0023_0103_0103.jpg 1 109 23 103 103
0027_0157_0094_0052_0052.jpg 1 157 94 52 52
0028_0024_0224_0026_0026.jpg 1 24 224 26 26
0029_0079_0129_0035_0035.jpg 1 79 129 35 35
0030_0041_0074_0029_0029.jpg 1 41 74 29 29
0031_0189_0035_0030_0030.jpg 1 189 35 30 30
0032_0021_0071_0051_0051.jpg 1 21 71 51 51
0033_0128_0037_0103_0103.jpg 1 128 37 103 103
0034_0077_0131_0036_0036.jpg 1 77 131 36 36
0035_0123_0026_0111_0111.jpg 1 123 26 111 111
0036_0138_0029_0046_0046.jpg 1 138 29 46 46
0037_0065_0236_0029_0029.jpg 1 65 236 29 29
0038_0098_0061_0080_0080.jpg 1 98 61 80 80
0039_0029_0061_0030_0030.jpg 1 29 61 30 30
0040_0046_0025_0072_0072.jpg 1 46 25 72 72
0041_0113_0033_0049_0049.jpg 1 113 33 49 49
0042_0080_0016_0121_0121.jpg 1 80 16 121 121
0043_0100_0018_0111_0111.jpg 1 100 18 111 111
0044_0151_0067_0080_0080.jpg 1 151 67 80 80
0045_0091_0023_0106_0106.jpg 1 91 23 106 106
0046_0110_0052_0087_0087.jpg 1 110 52 87 87
0047_0084_0081_0087_0087.jpg 1 84 81 87 87
0048_0115_0037_0034_0034.jpg 1 115 37 34 34
0049_0026_0087_0085_0085.jpg 1 26 87 85 85
0050_0041_0058_0042_0042.jpg 1 41 58 42 42
0001_0101_0049_0025_0025.jpg 1 101 49 25 25
0002_0032_0069_0107_0107.jpg 1 32 69 107 107
0003_0099_0021_0115_0115.jpg 1 99 21 115 115
0004_0043_0027_0070_0070.jpg 1 43 27 70 70
0005_0059_0041_0075_0075.jpg 1 59 41 75 75
0006_0081_0013_0074_0074.jpg 1 81 13 74 74
0007_0018_0017_0111_0111.jpg 1 18 17 111 111
0008_0055_0027_0126_0126.jpg 1 55 27 126 126
0009_0030_0064_0107_0107.jpg 1 30 64 107 107
0010_0124_0059_0076_0076.jpg 1 124 59 76 76
0011_0023_0100_0063_0063.jpg 1 23 100 63 63
0012_0078_0034_0110_0110.jpg 1 78 34 110 110
0013_0023_0022_0083_0083.jpg 1 23 22 83 83
0014_0056_0142_0083_0083.jpg 1 56 142 83 83
0015_0089_0043_0128_0128.jpg 1 89 43 128 128
0016_0059_0053_0104_0104.jpg 1 59 53 104 104
0017_0085_0046_0089_0089.jpg 1 85 46 89 89
0018_0036_0052_0125_0125.jpg 1 36 52 125 125
0019_0056_0051_0030_0030.jpg 1 56 51 30 30
0020_0110_0072_0069_0069.jpg 1 110 72 69 69
0021_0036_0100_0024_0024.jpg 1 36 100 24 24
0022_0041_0011_0124_0124.jpg 1 41 11 124 124
0023_0081_0020_0111_0111.jpg 1 81 20 111 111
0024_0050_0017_0051_0051.jpg 1 50 17 51 51
0025_0146_0097_0065_0065.jpg 1 146 97 65 65
0026_0152_0046_0078_0078.jpg 1 152 46 78 78
0027_0072_0063_0107_0107.jpg 1 72 63 107 107
0028_0129_0072_0083_0083.jpg 1 129 72 83 83
0029_0035_0045_0112_0112.jpg 1 35 45 112 112
0030_0074_0121_0025_0025.jpg 1 74 121 25 25
0031_0094_0070_0074_0074.jpg 1 94 70 74 74
0032_0162_0014_0056_0056.jpg 1 162 14 56 56
0033_0049_0068_0084_0084.jpg 1 49 68 84 84
0034_0094_0052_0112_0112.jpg 1 94 52 112 112
0035_0145_0111_0052_0052.jpg 1 145 111 52 52
0036_0070_0033_0082_0082.jpg 1 70 33 82 82
0037_0094_0105_0054_0054.jpg 1 94 105 54 54
0038_0081_0204_0046_0046.jpg 1 81 204 46 46
0039_0068_0040_0105_0105.jpg 1 68 40 105 105
0040_0137_0034_0068_0068.jpg 1 137 34 68 68
0041_0059_0049_0066_0066.jpg 1 59 49 66 66
0042_0153_0114_0051_0051.jpg 1 153 114 51 51
0043_0031_0051_0119_0119.jpg 1 31 51 119 119
0044_0112_0109_0043_0043.jpg 1 112 109 43 43
0045_0103_0092_0048_0048.jpg 1 103 92 48 48
0046_0036_0024_0116_0116.jpg 1 36 24 116 116
0047_0134_0068_0084_0084.jpg 1 134 68 84 84
0048_0155_0111_0061_0061.jpg 1 155 111 61 61
0049_0072_0051_0070_0070.jpg 1 72 51 70 70
0050_0113_0029_0072_0072.jpg 1 113 29 72 72
0001_0101_0031_0125_0125.jpg 1 101 31 125 125
0002_0103_0096_0046_0046.jpg 1 103 96 46 46
0003_0097_0081_0075_0075.jpg 1 97 81 75 75
0004_0056_0019_0110_0110.jpg 1 56 19 110 110
0005_0016_0045_0117_0117.jpg 1 16 45 117 117
0006_0106_0022_0035_0035.jpg 1 106 22 35 35
0007_0069_0052_0076_0076.jpg 1 69 52 76 76
0008_0162_0081_0060_0060.jpg 1 162 81 60 60
0009_0034_0050_0119_0119.jpg 1 34 50 119 119
0010_0029_0141_0122_0122.jpg 1 29 141 122 122
0011_0018_0087_0083_0083.jpg 1 18 87 83 83
0012_0140_0075_0065_0065.jpg 1 140 75 65 65
0013_0139_0069_0071_0071.jpg 1 139 69 71 71
0014_0134_0065_0032_0032.jpg 1 134 65 32 32
0015_0092_0035_0085_0085.jpg 1 92 35 85 85
0016_0144_0063_0080_0080.jpg 1 144 63 80 80
0017_0067_0210_0029_0029.jpg 1 67 210 29 29
0018_0168_0083_0041_0041.jpg 1 168 83 41 41
0019_0075_0028_0127_0127.jpg 1 75 28 127 127
0020_0061_0042_0078_0078.jpg 1 61 42 78 78
0021_0056_0045_0114_0114.jpg 1 56 45 114 114
0022_0120_0046_0036_0036.jpg 1 120 46 36 36
0023_0046_0011_0089_0089.jpg 1 46 11 89 89
0024_0110_0075_0040_0040.jpg 1 110 75 40 40
0025_0087_0100_0028_0028.jpg 1 87 100 28 28
0026_0080_0052_0075_0075.jpg 1 80 52 75 75
0027_0085_0056_0065_0065.jpg 1 85 56 65 65
0028_0108_0030_0084_0084.jpg 1 108 30 84 84
0029_0109_0053_0120_0120.jpg 1 109 53 120 120
0030_0048_0027_0069_0069.jpg 1 48 27 69 69
0031_0094_0044_0032_0032.jpg 1 94 44 32 32
0032_0077_0161_0065_0065.jpg 1 77 161 65 65
0033_0199_0021_0024_0024.jpg 1 199 21 24 24
0034_0158_0115_0028_0028.jpg 1 158 115 28 28
0035_0040_0063_0064_0064.jpg 1 40 63 64 64
0036_0162_0069_0051_0051.jpg 1 162 69 51 51
0037_0035_0053_0115_0115.jpg 1 35 53 115 115
0038_0109_0066_0053_0053.jpg 1 109 66 53 53
0039_0064_0058_0088_0088.jpg 1 64 58 88 88
0040_0105_0073_0046_0046.jpg 1 105 73 46 46
0041_0041_0017_0109_0109.jpg 1 41 17 109 109
0042_0023_0061_0091_0091.jpg 1 23 61 91 91
0043_0092_0048_0126_0126.jpg 1 92 48 126 126
0044_0071_0026_0122_0122.jpg 1 71 26 122 122
0045_0013_0153_0057_0057.jpg 1 13 153 57 57
0046_0081_0095_0031_0031.jpg 1 81 95 31 31
0047_0134_0041_0048_0048.jpg 1 134 41 48 48
0048_0052_0107_0027_0027.jpg 1 52 107 27 27
0049_0056_0024_0059_0059.jpg 1 56 24 59 59
0050_0110_0063_0108_0108.jpg 1 110 63 108 108
0001_0022_0097_0075_0075.jpg 1 22 97 75 75
0002_0129_0014_0088_0088.jpg 1 129 14 88 88
0003_0131_0029_0039_0039.jpg 1 131 29 39 39
0004_0137_0051_0033_0033.jpg 1 137 51 33 33
0005_0081_0066_0081_0081.jpg 1 81 66 81 81
0006_0085_0055_0101_0101.jpg 1 85 55 101 101
0007_0131_0066_0038_0038.jpg 1 131 66 38 38
0008_0082_0082_0049_0049.jpg 1 82 82 49 49
0009_0096_0038_0123_0123.jpg 1 96 38 123 123
0010_0144_0094_0036_0036.jpg 1 144 94 36 36
0011_0120_0053_0093_0093.jpg 1 120 53 93 93
0012_0058_0063_0103_0103.jpg 1 58 63 103 103
0013_0038_0061_0112_0112.jpg 1 38 61 112 112
0014_0066_0031_0087_0087.jpg 1 66 31 87 87
0015_0107_0065_0100_0100.jpg 1 107 65 100 100
0016_0063_0055_0119_0119.jpg 1 63 55 119 119
0017_0024_0012_0089_0089.jpg 1 24 12 89 89
0018_0177_0107_0040_0040.jpg 1 177 107 40 40
0019_0058_0050_0040_0040.jpg 1 58 50 40 40
0020_0146_0115_0043_0043.jpg 1 146 115 43 43
0021_0026_0037_0077_0077.jpg 1 26 37 77 77
0022_0091_0008_0123_0123.jpg 1 91 8 123 123
0023_0072_0033_0065_0065.jpg 1 72 33 65 65
0024_0082_0014_0102_0102.jpg 1 82 14 102 102
0025_0034_0033_0086_0086.jpg 1 34 33 86 86
0026_0180_0024_0037_0037.jpg 1 180 24 37 37
0027_0061_0024_0065_0065.jpg 1 61 24 65 65
0028_0163_0046_0052_0052.jpg 1 163 46 52 52
0029_0096_0030_0096_0096.jpg 1 96 30 96 96
0030_0045_0026_0069_0069.jpg 1 45 26 69 69
0031_0075_0048_0109_0109.jpg 1 75 48 109 109
0032_0177_0035_0032_0032.jpg 1 177 35 32 32
0033_0125_0030_0083_0083.jpg 1 125 30 83 83
0034_0060_0066_0062_0062.jpg 1 60 66 62 62
0035_0033_0019_0094_0094.jpg 1 33 19 94 94
0036_0070_0021_0093_0093.jpg 1 70 21 93 93
0037_0179_0021_0040_0040.jpg 1 179 21 40 40
0038_0124_0101_0068_0068.jpg 1 124 101 68 68
0039_0048_0021_0026_0026.jpg 1 48 21 26 26
0040_0076_0041_0112_0112.jpg 1 76 41 112 112
0041_0054_0067_0039_0039.jpg 1 54 67 39 39
0042_0079_0027_0077_0077.jpg 1 79 27 77 77
0043_0131_0143_0027_0027.jpg 1 131 143 27 27
0044_0098_0059_0095_0095.jpg 1 98 59 95 95
0045_0115_0029_0105_0105.jpg 1 115 29 105 105
0046_0068_0059_0030_0030.jpg 1 68 59 30 30
0047_0057_0078_0083_0083.jpg 1 57 78 83 83
0048_0127_0042_0029_0029.jpg 1 127 42 29 29
0049_0111_0055_0061_0061.jpg 1 111 55 61 61
0050_0036_0104_0026_0026.jpg 1 36 104 26 26
0001_0028_0046_0130_0130.jpg 1 28 46 130 130
0002_0048_0088_0074_0074.jpg 1 48 88 74 74
0003_0037_0035_0106_0106.jpg 1 37 35 106 106
0004_0078_0097_0054_0054.jpg 1 78 97 54 54
0005_0087_0090_0081_0081.jpg 1 87 90 81 81
0006_0099_0026_0127_0127.jpg 1 99 26 127 127
0007_0053_0070_0077_0077.jpg 1 53 70 77 77
0008_0108_0123_0033_0033.jpg 1 108 123 33 33
0009_0061_0073_0075_0075.jpg 1 61 73 75 75
0010_0048_0037_0040_0040.jpg 1 48 37 40 40
0011_0051_0097_0071_0071.jpg 1 51 97 71 71
0012_0138_0036_0078_0078.jpg 1 138 36 78 78
0013_0032_0033_0099_0099.jpg 1 32 33 99 99
0014_0086_0038_0059_0059.jpg 1 86 38 59 59
0015_0030_0022_0070_0070.jpg 1 30 22 70 70
0016_0094_0034_0086_0086.jpg 1 94 34 86 86
0017_0024_0006_0115_0115.jpg 1 24 6 115 115
0018_0112_0030_0102_0102.jpg 1 112 30 102 102
0019_0024_0033_0109_0109.jpg 1 24 33 109 109
0020_0039_0066_0083_0083.jpg 1 39 66 83 83
0021_0078_0079_0038_0038.jpg 1 78 79 38 38
0022_0056_0035_0120_0120.jpg 1 56 35 120 120
0023_0093_0076_0085_0085.jpg 1 93 76 85 85
0024_0157_0064_0030_0030.jpg 1 157 64 30 30
0025_0058_0121_0044_0044.jpg 1 58 121 44 44
0026_0130_0041_0099_0099.jpg 1 130 41 99 99
0027_0133_0042_0070_0070.jpg 1 133 42 70 70
0028_0044_0125_0039_0039.jpg 1 44 125 39 39
0029_0030_0018_0064_0064.jpg 1 30 18 64 64
0030_0112_0014_0112_0112.jpg 1 112 14 112 112
0031_0121_0062_0080_0080.jpg 1 121 62 80 80
0032_0019_0039_0119_0119.jpg 1 19 39 119 119
0033_0086_0027_0107_0107.jpg 1 86 27 107 107
0034_0098_0045_0102_0102.jpg 1 98 45 102 102
0035_0046_0109_0050_0050.jpg 1 46 109 50 50
0036_0108_0070_0054_0054.jpg 1 108 70 54 54
0037_0041_0019_0035_0035.jpg 1 41 19 35 35
0038_0070_0180_0032_0032.jpg 1 70 180 32 32
0039_0082_0081_0083_0083.jpg 1 82 81 83 83
0040_0093_0011_0044_0044.jpg 1 93 11 44 44
0041_0077_0095_0056_0056.jpg 1 77 95 56 56
0042_0092_0026_0109_0109.jpg 1 92 26 109 109
0043_0126_0061_0051_0051.jpg 1 126 61 51 51
0044_0081_0115_0045_0045.jpg 1 81 115 45 45
0045_0045_0054_0119_0119.jpg 1 45 54 119 119
0046_0038_0073_0044_0044.jpg 1 38 73 44 44
0047_0133_0107_0032_0032.jpg 1 133 107 32 32
0048_0112_0065_0093_0093.jpg 1 112 65 93 93
0049_0057_0054_0066_0066.jpg 1 57 54 66 66
0050_0123_0110_0054_0054.jpg 1 123 110 54 54
0001_0169_0124_0026_0026.jpg 1 169 124 26 26
0002_0022_0045_0115_0115.jpg 1 22 45 115 115
0003_0057_0082_0070_0070.jpg 1 57 82 70 70
0004_0136_0110_0030_0030.jpg 1 136 110 30 30
0005_0101_0072_0098_0098.jpg 1 101 72 98 98
0006_0192_0077_0031_0031.jpg 1 192 77 31 31
0007_0114_0018_0033_0033.jpg 1 114 18 33 33
0008_0144_0052_0058_0058.jpg 1 144 52 58 58
0009_0058_0071_0094_0094.jpg 1 58 71 94 94
0010_0122_0029_0092_0092.jpg 1 122 29 92 92
0011_0127_0026_0108_0108.jpg 1 127 26 108 108
0012_0131_0015_0067_0067.jpg 1 131 15 67 67
0013_0056_0083_0057_0057.jpg 1 56 83 57 57
0014_0007_0050_0125_0125.jpg 1 7 50 125 125
0015_0156_0030_0068_0068.jpg 1 156 30 68 68
0016_0035_0024_0122_0122.jpg 1 35 24 122 122
0017_0018_0021_0128_0128.jpg 1 18 21 128 128
0018_0134_0033_0024_0024.jpg 1 134 33 24 24
0019_0040_0009_0114_0114.jpg 1 40 9 114 114
0020_0053_0067_0034_0034.jpg 1 53 67 34 34
0021_0090_0058_0091_0091.jpg 1 90 58 91 91
0022_0148_0115_0052_0052.jpg 1 148 115 52 52
0023_0149_0056_0028_0028.jpg 1 149 56 28 28
0024_0078_0052_0115_0115.jpg 1 78 52 115 115
0025_0081_0045_0084_0084.jpg 1 81 45 84 84
0026_0043_0177_0071_0071.jpg 1 43 177 71 71
0027_0176_0058_0047_0047.jpg 1 176 58 47 47
0028_0045_0034_0074_0074.jpg 1 45 34 74 74
0029_0073_0023_0120_0120.jpg 1 73 23 120 120
0030_0124_0055_0038_0038.jpg 1 124 55 38 38
0031_0034_0062_0076_0076.jpg 1 34 62 76 76
0032_0064_0024_0075_0075.jpg 1 64 24 75 75
0033_0135_0040_0098_0098.jpg 1 135 40 98 98
0034_0077_0079_0091_0091.jpg 1 77 79 91 91
0035_0025_0020_0062_0062.jpg 1 25 20 62 62
0036_0131_0069_0044_0044.jpg 1 131 69 44 44
0037_0041_0051_0069_0069.jpg 1 41 51 69 69
0038_0057_0015_0114_0114.jpg 1 57 15 114 114
0039_0038_0060_0118_0118.jpg 1 38 60 118 118
0040_0067_0042_0056_0056.jpg 1 67 42 56 56
0041_0066_0076_0042_0042.jpg 1 66 76 42 42
0042_0191_0122_0037_0037.jpg 1 191 122 37 37
0043_0095_0070_0064_0064.jpg 1 95 70 64 64
0044_0159_0092_0025_0025.jpg 1 159 92 25 25
0045_0047_0030_0096_0096.jpg 1 47 30 96 96
0046_0098_0037_0095_0095.jpg 1 98 37 95 95
0047_0183_0076_0041_0041.jpg 1 183 76 41 41
0048_0070_0097_0100_0100.jpg 1 70 97 100 100
0049_0096_0007_0124_0124.jpg 1 96 7 124 124
0050_0070_0040_0104_0104.jpg 1 70 40 104 104
0001_0032_0039_0098_0098.jpg 1 32 39 98 98
0002_0105_0031_0092_0092.jpg 1 105 31 92 92
0003_0112_0128_0027_0027.jpg 1 112 128 27 27
0004_0050_0060_0065_0065.jpg 1 50 60 65 65
0005_0118_0022_0041_0041.jpg 1 118 22 41 41
0006_0049_0041_0109_0109.jpg 1 49 41 109 109
0007_0050_0121_0052_0052.jpg 1 50 121 52 52
0008_0077_0051_0083_0083.jpg 1 77 51 83 83
0009_0141_0043_0064_0064.jpg 1 141 43 64 64
0010_0016_0032_0114_0114.jpg 1 16 32 114 114
0011_0075_0028_0127_0127.jpg 1 75 28 127 127
0012_0101_0069_0098_0098.jpg 1 101 69 98 98
0013_0079_0060_0024_0024.jpg 1 79 60 24 24
0014_0122_0099_0056_0056.jpg 1 122 99 56 56
0015_0110_0033_0032_0032.jpg 1 110 33 32 32
0016_0078_0041_0042_0042.jpg 1 78 41 42 42
0017_0011_0073_0113_0113.jpg 1 11 73 113 113
0018_0144_0096_0024_0024.jpg 1 144 96 24 24
0019_0024_0087_0038_0038.jpg 1 24 87 38 38
0020_0026_0136_0028_0028.jpg 1 26 136 28 28
0021_0077_0070_0090_0090.jpg 1 77 70 90 90
0022_0079_0030_0129_0129.jpg 1 79 30 129 129
0023_0086_0046_0125_0125.jpg 1 86 46 125 125
0024_0094_0045_0094_0094.jpg 1 94 45 94 94
0025_0081_0032_0050_0050.jpg 1 81 32 50 50
0026_0034_0032_0110_0110.jpg 1 34 32 110 110
0027_0038_0085_0075_0075.jpg 1 38 85 75 75
0028_0094_0060_0112_0112.jpg 1 94 60 112 112
0029_0080_0014_0112_0112.jpg 1 80 14 112 112
0030_0179_0114_0036_0036.jpg 1 179 114 36 36
0031_0040_0021_0094_0094.jpg 1 40 21 94 94
0032_0028_0115_0056_0056.jpg 1 28 115 56 56
0033_0108_0077_0101_0101.jpg 1 108 77 101 101
0034_0148_0066_0056_0056.jpg 1 148 66 56 56
0035_0092_0020_0119_0119.jpg 1 92 20 119 119
0036_0144_0072_0088_0088.jpg 1 144 72 88 88
0037_0127_0069_0054_0054.jpg 1 127 69 54 54
0038_0085_0010_0128_0128.jpg 1 85 10 128 128
0039_0092_0010_0113_0113.jpg 1 92 10 113 113
0040_0050_0045_0106_0106.jpg 1 50 45 106 106
0041_0057_0081_0088_0088.jpg 1 57 81 88 88
0042_0099_0015_0048_0048.jpg 1 99 15 48 48
0043_0058_0052_0074_0074.jpg 1 58 52 74 74
0044_0083_0017_0128_0128.jpg 1 83 17 128 128
0045_0097_0012_0092_0092.jpg 1 97 12 92 92
0046_0039_0057_0109_0109.jpg 1 39 57 109 109
0047_0133_0073_0068_0068.jpg 1 133 73 68 68
0048_0162_0109_0050_0050.jpg 1 162 109 50 50
0049_0058_0056_0122_0122.jpg 1 58 56 122 122
0050_0085_0045_0123_0123.jpg 1 85 45 123 123
0001_0122_0032_0036_0036.jpg 1 122 32 36 36
0002_0026_0070_0076_0076.jpg 1 26 70 76 76
0003_0069_0061_0038_0038.jpg 1 69 61 38 38
0004_0053_0227_0047_0047.jpg 1 53 227 47 47
0005_0079_0114_0025_0025.jpg 1 79 114 25 25
0006_0114_0046_0102_0102.jpg 1 114 46 102 102
0007_0047_0102_0048_0048.jpg 1 47 102 48 48
0008_0054_0064_0041_0041.jpg 1 54 64 41 41
0009_0062_0039_0039_0039.jpg 1 62 39 39 39
0010_0105_0044_0067_0067.jpg 1 105 44 67 67
0011_0038_0030_0111_0111.jpg 1 38 30 111 111
0012_0099_0039_0112_0112.jpg 1 99 39 112 112
0013_0154_0062_0032_0032.jpg 1 154 62 32 32
0014_0140_0040_0083_0083.jpg 1 140 40 83 83
0015_0107_0019_0104_0104.jpg 1 107 19 104 104
0016_0167_0019_0025_0025.jpg 1 167 19 25 25
0017_0114_0063_0072_0072.jpg 1 114 63 72 72
0018_0128_0046_0056_0056.jpg 1 128 46 56 56
0019_0065_0119_0061_0061.jpg 1 65 119 61 61
0020_0046_0059_0109_0109.jpg 1 46 59 109 109
0021_0020_0028_0064_0064.jpg 1 20 28 64 64
0022_0127_0053_0108_0108.jpg 1 127 53 108 108
0023_0016_0162_0085_0085.jpg 1 16 162 85 85
0024_0040_0025_0098_0098.jpg 1 40 25 98 98
0025_0122_0019_0078_0078.jpg 1 122 19 78 78
0026_0170_0042_0030_0030.jpg 1 170 42 30 30
0027_0026_0093_0073_0073.jpg 1 26 93 73 73
0028_0068_0098_0069_0069.jpg 1 68 98 69 69
0029_0041_0091_0092_0092.jpg 1 41 91 92 92
0030_0169_0111_0042_0042.jpg 1 169 111 42 42
0031_0081_0049_0099_0099.jpg 1 81 49 99 99
0032_0126_0082_0064_0064.jpg 1 126 82 64 64
0033_0084_0050_0109_0109.jpg 1 84 50 109 109
0034_0129_0031_0027_0027.jpg 1 129 31 27 27
0035_0030_0058_0107_0107.jpg 1 30 58 107 107
0036_0080_0122_0027_0027.jpg 1 80 122 27 27
0037_0097_0085_0074_0074.jpg 1 97 85 74 74
0038_0077_0028_0045_0045.jpg 1 77 28 45 45
0039_0064_0093_0074_0074.jpg 1 64 93 74 74
0040_0049_0068_0095_0095.jpg 1 49 68 95 95
0041_0072_0092_0060_0060.jpg 1 72 92 60 60
0042_0158_0043_0025_0025.jpg 1 158 43 25 25
0043_0015_0054_0102_0102.jpg 1 15 54 102 102
0044_0137_0044_0051_0051.jpg 1 137 44 51 51
0045_0045_0184_0064_0064.jpg 1 45 184 64 64
0046_0023_0045_0058_0058.jpg 1 23 45 58 58
0047_0109_0019_0054_0054.jpg 1 109 19 54 54
0048_0118_0042_0046_0046.jpg 1 118 42 46 46
0049_0044_0063_0092_0092.jpg 1 44 63 92 92
0050_0058_0050_0071_0071.jpg 1 58 50 71 71
0001_0147_0021_0034_0034.jpg 1 147 21 34 34
0002_0129_0045_0093_0093.jpg 1 129 45 93 93
0003_0073_0036_0045_0045.jpg 1 73 36 45 45
0004_0114_0012_0058_0058.jpg 1 114 12 58 58
0005_0040_0105_0027_0027.jpg 1 40 105 27 27
0006_0035_0039_0075_0075.jpg 1 35 39 75 75
0007_0062_0051_0085_0085.jpg 1 62 51 85 85
0008_0066_0107_0085_0085.jpg 1 66 107 85 85
0009_0163_0025_0064_0064.jpg 1 163 25 64 64
0010_0043_0022_0036_0036.jpg 1 43 22 36 36
0011_0133_0063_0093_0093.jpg 1 133 63 93 93
0012_0075_0033_0049_0049.jpg 1 75 33 49 49
0013_0046_0096_0035_0035.jpg 1 46 96 35 35
0014_0064_0045_0086_0086.jpg 1 64 45 86 86
0015_0024_0045_0040_0040.jpg 1 24 45 40 40
0016_0032_0114_0059_0059.jpg 1 32 114 59 59
0017_0035_0049_0038_0038.jpg 1 35 49 38 38
0018_0025_0125_0090_0090.jpg 1 25 125 90 90
0019_0062_0090_0060_0060.jpg 1 62 90 60 60
0020_0113_0027_0069_0069.jpg 1 113 27 69 69
0021_0176_0060_0039_0039.jpg 1 176 60 39 39
0022_0164_0100_0051_0051.jpg 1 164 100 51 51
0023_0021_0040_0041_0041.jpg 1 21 40 41 41
0024_0145_0083_0084_0084.jpg 1 145 83 84 84
0025_0042_0077_0078_0078.jpg 1 42 77 78 78
0026_0080_0058_0059_0059.jpg 1 80 58 59 59
0027_0027_0051_0078_0078.jpg 1 27 51 78 78
0028_0060_0065_0096_0096.jpg 1 60 65 96 96
0029_0172_0078_0048_0048.jpg 1 172 78 48 48
0030_0064_0023_0074_0074.jpg 1 64 23 74 74
0031_0188_0024_0039_0039.jpg 1 188 24 39 39
0032_0116_0072_0034_0034.jpg 1 116 72 34 34
0033_0082_0017_0080_0080.jpg 1 82 17 80 80
0034_0066_0012_0068_0068.jpg 1 66 12 68 68
0035_0084_0038_0049_0049.jpg 1 84 38 49 49
0036_0147_0101_0045_0045.jpg 1 147 101 45 45
0037_0138_0044_0031_0031.jpg 1 138 44 31 31
0038_0163_0060_0047_0047.jpg 1 163 60 47 47
0039_0141_0102_0071_0071.jpg 1 141 102 71 71
0040_0073_0030_0090_0090.jpg 1 73 30 90 90
0041_0079_0017_0084_0084.jpg 1 79 17 84 84
0042_0072_0098_0051_0051.jpg 1 72 98 51 51
0043_0068_0048_0073_0073.jpg 1 68 48 73 73
0044_0080_0015_0078_0078.jpg 1 80 15 78 78
0045_0075_0034_0051_0051.jpg 1 75 34 51 51
0046_0027_0049_0061_0061.jpg 1 27 49 61 61
0047_0050_0049_0072_0072.jpg 1 50 49 72 72
0048_0125_0028_0037_0037.jpg 1 125 28 37 37
0049_0087_0017_0060_0060.jpg 1 87 17 60 60
0050_0131_0013_0075_0075.jpg 1 131 13 75 75
0001_0082_0033_0049_0049.jpg 1 82 33 49 49
0002_0112_0017_0086_0086.jpg 1 112 17 86 86
0003_0063_0037_0115_0115.jpg 1 63 37 115 115
0004_0086_0052_0120_0120.jpg 1 86 52 120 120
0005_0034_0040_0085_0085.jpg 1 34 40 85 85
0006_0012_0129_0120_0120.jpg 1 12 129 120 120
0007_0057_0076_0091_0091.jpg 1 57 76 91 91
0008_0129_0081_0072_0072.jpg 1 129 81 72 72
0009_0130_0127_0034_0034.jpg 1 130 127 34 34
0010_0071_0003_0126_0126.jpg 1 71 3 126 126
0011_0101_0052_0026_0026.jpg 1 101 52 26 26
0012_0044_0106_0056_0056.jpg 1 44 106 56 56
0013_0115_0053_0114_0114.jpg 1 115 53 114 114
0014_0116_0042_0036_0036.jpg 1 116 42 36 36
0015_0018_0061_0129_0129.jpg 1 18 61 129 129
0016_0067_0056_0107_0107.jpg 1 67 56 107 107
0017_0085_0067_0045_0045.jpg 1 85 67 45 45
0018_0123_0036_0071_0071.jpg 1 123 36 71 71
0019_0051_0095_0102_0102.jpg 1 51 95 102 102
0020_0051_0089_0064_0064.jpg 1 51 89 64 64
0021_0080_0085_0081_0081.jpg 1 80 85 81 81
0022_0145_0037_0069_0069.jpg 1 145 37 69 69
0023_0090_0057_0113_0113.jpg 1 90 57 113 113
0024_0136_0104_0067_0067.jpg 1 136 104 67 67
0025_0128_0049_0077_0077.jpg 1 128 49 77 77
0026_0051_0084_0025_0025.jpg 1 51 84 25 25
0027_0071_0013_0127_0127.jpg 1 71 13 127 127
0028_0041_0019_0076_0076.jpg 1 41 19 76 76
0029_0070_0009_0105_0105.jpg 1 70 9 105 105
0030_0088_0114_0035_0035.jpg 1 88 114 35 35
0031_0100_0020_0041_0041.jpg 1 100 20 41 41
0032_0164_0091_0048_0048.jpg 1 164 91 48 48
0033_0181_0102_0038_0038.jpg 1 181 102 38 38
0034_0097_0049_0068_0068.jpg 1 97 49 68 68
0035_0130_0054_0105_0105.jpg 1 130 54 105 105
0036_0047_0084_0070_0070.jpg 1 47 84 70 70
0037_0023_0030_0050_0050.jpg 1 23 30 50 50
0038_0026_0013_0109_0109.jpg 1 26 13 109 109
0039_0122_0036_0055_0055.jpg 1 122 36 55 55
0040_0104_0034_0105_0105.jpg 1 104 34 105 105
0041_0057_0026_0071_0071.jpg 1 57 26 71 71
0042_0047_0063_0036_0036.jpg 1 47 63 36 36
0043_0060_0090_0072_0072.jpg 1 60 90 72 72
0044_0154_0108_0060_0060.jpg 1 154 108 60 60
0045_0037_0063_0112_0112.jpg 1 37 63 112 112
0046_0146_0050_0053_0053.jpg 1 146 50 53 53
0047_0104_0035_0085_0085.jpg 1 104 35 85 85
0048_0081_0062_0031_0031.jpg 1 81 62 31 31
0049_0076_0025_0080_0080.jpg 1 76 25 80 80
0050_0023_0027_0104_0104.jpg 1 23 27 104 104
0001_0147_0017_0077_0077.jpg 1 147 17 77 77
0002_0024_0032_0089_0089.jpg 1 24 32 89 89
0003_0027_0028_0123_0123.jpg 1 27 28 123 123
0004_0165_0112_0026_0026.jpg 1 165 112 26 26
0005_0090_0007_0127_0127.jpg 1 90 7 127 127
0006_0057_0032_0097_0097.jpg 1 57 32 97 97
0007_0035_0076_0085_0085.jpg 1 35 76 85 85
0008_0025_0063_0059_0059.jpg 1 25 63 59 59
0009_0146_0066_0034_0034.jpg 1 146 66 34 34
0010_0175_0074_0051_0051.jpg 1 175 74 51 51
0011_0073_0049_0056_0056.jpg 1 73 49 56 56
0012_0034_0078_0098_0098.jpg 1 34 78 98 98
0013_0020_0150_0087_0087.jpg 1 20 150 87 87
0014_0034_0026_0027_0027.jpg 1 34 26 27 27
0015_0096_0026_0117_0117.jpg 1 96 26 117 117
0016_0038_0048_0122_0122.jpg 1 38 48 122 122
0017_0026_0045_0123_0123.jpg 1 26 45 123 123
0018_0018_0021_0073_0073.jpg 1 18 21 73 73
0019_0074_0087_0064_0064.jpg 1 74 87 64 64
0020_0063_0049_0093_0093.jpg 1 63 49 93 93
0021_0103_0049_0024_0024.jpg 1 103 49 24 24
0022_0103_0040_0032_0032.jpg 1 103 40 32 32
0023_0061_0078_0091_0091.jpg 1 61 78 91 91
0024_0024_0014_0110_0110.jpg 1 24 14 110 110
0025_0049_0069_0108_0108.jpg 1 49 69 108 108
0026_0016_0127_0130_0130.jpg 1 16 127 130 130
0027_0056_0066_0075_0075.jpg 1 56 66 75 75
0028_0090_0063_0037_0037.jpg 1 90 63 37 37
0029_0069_0036_0101_0101.jpg 1 69 36 101 101
0030_0068_0096_0073_0073.jpg 1 68 96 73 73
0031_0102_0041_0126_0126.jpg 1 102 41 126 126
0032_0173_0111_0051_0051.jpg 1 173 111 51 51
0033_0038_0077_0113_0113.jpg 1 38 77 113 113
0034_0122_0028_0083_0083.jpg 1 122 28 83 83
0035_0088_0030_0130_0130.jpg 1 88 30 130 130
0036_0151_0066_0074_0074.jpg 1 151 66 74 74
0037_0145_0015_0070_0070.jpg 1 145 15 70 70
0038_0152_0112_0051_0051.jpg 1 152 112 51 51
0039_0116_0060_0118_0118.jpg 1 116 60 118 118
0040_0102_0016_0104_0104.jpg 1 102 16 104 104
0041_0147_0042_0068_0068.jpg 1 147 42 68 68
0042_0015_0187_0073_0073.jpg 1 15 187 73 73
0043_0012_0169_0067_0067.jpg 1 12 169 67 67
0044_0114_0031_0072_0072.jpg 1 114 31 72 72
0045_0143_0028_0071_0071.jpg 1 143 28 71 71
0046_0082_0036_0104_0104.jpg 1 82 36 104 104
0047_0065_0110_0064_0064.jpg 1 65 110 64 64
0048_0107_0026_0029_0029.jpg 1 107 26 29 29
0049_0044_0021_0092_0092.jpg 1 44 21 92 92
0050_0168_0021_0059_0059.jpg 1 168 21 59 59
0001_0131_0073_0029_0029.jpg 1 131 73 29 29
0002_0137_0007_0082_0082.jpg 1 137 7 82 82
0003_0125_0023_0083_0083.jpg 1 125 23 83 83
0004_0036_0035_0093_0093.jpg 1 36 35 93 93
0005_0022_0073_0089_0089.jpg 1 22 73 89 89
0006_0101_0068_0050_0050.jpg 1 101 68 50 50
0007_0047_0028_0060_0060.jpg 1 47 28 60 60
0008_0139_0069_0035_0035.jpg 1 139 69 35 35
0009_0024_0034_0068_0068.jpg 1 24 34 68 68
0010_0102_0142_0025_0025.jpg 1 102 142 25 25
0011_0060_0049_0072_0072.jpg 1 60 49 72 72
0012_0032_0071_0024_0024.jpg 1 32 71 24 24
0013_0165_0131_0038_0038.jpg 1 165 131 38 38
0014_0138_0059_0034_0034.jpg 1 138 59 34 34
0015_0075_0103_0034_0034.jpg 1 75 103 34 34
0016_0092_0012_0073_0073.jpg 1 92 12 73 73
0017_0180_0075_0026_0026.jpg 1 180 75 26 26
0018_0160_0066_0024_0024.jpg 1 160 66 24 24
0019_0045_0062_0034_0034.jpg 1 45 62 34 34
0020_0127_0099_0052_0052.jpg 1 127 99 52 52
0021_0061_0044_0094_0094.jpg 1 61 44 94 94
0022_0144_0091_0069_0069.jpg 1 144 91 69 69
0023_0150_0027_0076_0076.jpg 1 150 27 76 76
0024_0055_0120_0032_0032.jpg 1 55 120 32 32
0025_0072_0046_0026_0026.jpg 1 72 46 26 26
0026_0053_0032_0086_0086.jpg 1 53 32 86 86
0027_0126_0039_0088_0088.jpg 1 126 39 88 88
0028_0031_0020_0090_0090.jpg 1 31 20 90 90
0029_0154_0071_0026_0026.jpg 1 154 71 26 26
0030_0048_0055_0095_0095.jpg 1 48 55 95 95
0031_0174_0047_0024_0024.jpg 1 174 47 24 24
0032_0079_0051_0077_0077.jpg 1 79 51 77 77
0033_0041_0108_0062_0062.jpg 1 41 108 62 62
0034_0086_0013_0085_0085.jpg 1 86 13 85 85
0035_0052_0110_0043_0043.jpg 1 52 110 43 43
0036_0050_0039_0063_0063.jpg 1 50 39 63 63
0037_0116_0020_0048_0048.jpg 1 116 20 48 48
0038_0059_0025_0097_0097.jpg 1 59 25 97 97
0039_0117_0186_0025_0025.jpg 1 117 186 25 25
0040_0028_0064_0043_0043.jpg 1 28 64 43 43
0041_0046_0008_0075_0075.jpg 1 46 8 75 75
0042_0086_0030_0027_0027.jpg 1 86 30 27 27
0043_0128_0094_0047_0047.jpg 1 128 94 47 47
0044_0042_0032_0034_0034.jpg 1 42 32 34 34
0045_0123_0073_0046_0046.jpg 1 123 73 46 46
0046_0047_0079_0067_0067.jpg 1 47 79 67 67
0047_0027_0187_0053_0053.jpg 1 27 187 53 53
0048_0034_0041_0050_0050.jpg 1 34 41 50 50
0049_0095_0092_0026_0026.jpg 1 95 92 26 26
0050_0185_0086_0033_0033.jpg 1 185 86 33 33
0001_0113_0067_0096_0096.jpg 1 113 67 96 96
0002_0083_0054_0045_0045.jpg 1 83 54 45 45
0003_0065_0030_0130_0130.jpg 1 65 30 130 130
0004_0078_0023_0056_0056.jpg 1 78 23 56 56
0005_0125_0046_0095_0095.jpg 1 125 46 95 95
0006_0101_0012_0094_0094.jpg 1 101 12 94 94
0007_0019_0075_0065_0065.jpg 1 19 75 65 65
0008_0126_0090_0072_0072.jpg 1 126 90 72 72
0009_0084_0100_0059_0059.jpg 1 84 100 59 59
0010_0105_0026_0129_0129.jpg 1 105 26 129 129
0011_0077_0024_0098_0098.jpg 1 77 24 98 98
0012_0199_0067_0027_0027.jpg 1 199 67 27 27
0013_0061_0011_0117_0117.jpg 1 61 11 117 117
0014_0115_0037_0038_0038.jpg 1 115 37 38 38
0015_0117_0047_0099_0099.jpg 1 117 47 99 99
0016_0088_0067_0030_0030.jpg 1 88 67 30 30
0017_0037_0075_0073_0073.jpg 1 37 75 73 73
0018_0034_0035_0055_0055.jpg 1 34 35 55 55
0019_0025_0020_0128_0128.jpg 1 25 20 128 128
0020_0165_0041_0042_0042.jpg 1 165 41 42 42
0021_0040_0054_0067_0067.jpg 1 40 54 67 67
0022_0132_0028_0056_0056.jpg 1 132 28 56 56
0023_0029_0028_0118_0118.jpg 1 29 28 118 118
0024_0037_0045_0118_0118.jpg 1 37 45 118 118
0025_0064_0037_0080_0080.jpg 1 64 37 80 80
0026_0025_0061_0063_0063.jpg 1 25 61 63 63
0027_0098_0090_0067_0067.jpg 1 98 90 67 67
0028_0060_0057_0106_0106.jpg 1 60 57 106 106
0029_0016_0048_0118_0118.jpg 1 16 48 118 118
0030_0018_0041_0106_0106.jpg 1 18 41 106 106
0031_0126_0086_0041_0041.jpg 1 126 86 41 41
0032_0088_0131_0028_0028.jpg 1 88 131 28 28
0033_0060_0040_0106_0106.jpg 1 60 40 106 106
0034_0092_0011_0096_0096.jpg 1 92 11 96 96
0035_0024_0103_0043_0043.jpg 1 24 103 43 43
0036_0067_0030_0119_0119.jpg 1 67 30 119 119
0037_0037_0041_0126_0126.jpg 1 37 41 126 126
0038_0160_0088_0067_0067.jpg 1 160 88 67 67
0039_0132_0085_0038_0038.jpg 1 132 85 38 38
0040_0095_0064_0111_0111.jpg 1 95 64 111 111
0041_0120_0014_0066_0066.jpg 1 120 14 66 66
0042_0165_0030_0047_0047.jpg 1 165 30 47 47
0043_0087_0104_0057_0057.jpg 1 87 104 57 57
0044_0091_0083_0093_0093.jpg 1 91 83 93 93
0045_0044_0115_0026_0026.jpg 1 44 115 26 26
0046_0051_0109_0029_0029.jpg 1 51 109 29 29
0047_0126_0141_0029_0029.jpg 1 126 141 29 29
0048_0057_0049_0095_0095.jpg 1 57 49 95 95
0049_0106_0079_0030_0030.jpg 1 106 79 30 30
0050_0022_0044_0124_0124.jpg 1 22 44 124 124
0001_0050_0047_0080_0080.jpg 1 50 47 80 80
0002_0115_0022_0082_0082.jpg 1 115 22 82 82
0003_0077_0082_0035_0035.jpg 1 77 82 35 35
0004_0092_0058_0086_0086.jpg 1 92 58 86 86
0005_0139_0056_0072_0072.jpg 1 139 56 72 72
0006_0054_0015_0043_0043.jpg 1 54 15 43 43
0007_0058_0049_0057_0057.jpg 1 58 49 57 57
0008_0094_0056_0067_0067.jpg 1 94 56 67 67
0009_0117_0045_0098_0098.jpg 1 117 45 98 98
0010_0153_0022_0062_0062.jpg 1 153 22 62 62
0011_0086_0058_0054_0054.jpg 1 86 58 54 54
0012_0196_0119_0029_0029.jpg 1 196 119 29 29
0013_0108_0016_0092_0092.jpg 1 108 16 92 92
0014_0070_0054_0061_0061.jpg 1 70 54 61 61
0015_0094_0009_0110_0110.jpg 1 94 9 110 110
0016_0127_0119_0037_0037.jpg 1 127 119 37 37
0017_0048_0051_0110_0110.jpg 1 48 51 110 110
0018_0066_0049_0085_0085.jpg 1 66 49 85 85
0019_0119_0034_0106_0106.jpg 1 119 34 106 106
0020_0045_0080_0083_0083.jpg 1 45 80 83 83
0021_0026_0031_0046_0046.jpg 1 26 31 46 46
0022_0131_0030_0029_0029.jpg 1 131 30 29 29
0023_0036_0036_0053_0053.jpg 1 36 36 53 53
0024_0016_0034_0111_0111.jpg 1 16 34 111 111
0025_0040_0086_0049_0049.jpg 1 40 86 49 49
0026_0031_0017_0069_0069.jpg 1 31 17 69 69
0027_0038_0052_0100_0100.jpg 1 38 52 100 100
0028_0083_0105_0035_0035.jpg 1 83 105 35 35
0029_0069_0099_0048_0048.jpg 1 69 99 48 48
0030_0179_0060_0040_0040.jpg 1 179 60 40 40
0031_0026_0110_0047_0047.jpg 1 26 110 47 47
0032_0069_0092_0024_0024.jpg 1 69 92 24 24
0033_0059_0048_0052_0052.jpg 1 59 48 52 52
0034_0113_0056_0085_0085.jpg 1 113 56 85 85
0035_0043_0038_0101_0101.jpg 1 43 38 101 101
0036_0069_0027_0111_0111.jpg 1 69 27 111 111
0037_0027_0079_0047_0047.jpg 1 27 79 47 47
0038_0068_0081_0089_0089.jpg 1 68 81 89 89
0039_0105_0039_0057_0057.jpg 1 105 39 57 57
0040_0099_0090_0049_0049.jpg 1 99 90 49 49
0041_0048_0114_0031_0031.jpg 1 48 114 31 31
0042_0033_0058_0076_0076.jpg 1 33 58 76 76
0043_0147_0026_0075_0075.jpg 1 147 26 75 75
0044_0168_0054_0050_0050.jpg 1 168 54 50 50
0045_0049_0035_0111_0111.jpg 1 49 35 111 111
0046_0127_0081_0078_0078.jpg 1 127 81 78 78
0047_0043_0085_0080_0080.jpg 1 43 85 80 80
0048_0147_0069_0067_0067.jpg 1 147 69 67 67
0049_0122_0033_0069_0069.jpg 1 122 33 69 69
0050_0032_0052_0039_0039.jpg 1 32 52 39 39
0001_0065_0048_0091_0091.jpg 1 65 48 91 91
0002_0040_0084_0026_0026.jpg 1 40 84 26 26
0003_0048_0200_0055_0055.jpg 1 48 200 55 55
0004_0141_0029_0072_0072.jpg 1 141 29 72 72
0005_0032_0068_0045_0045.jpg 1 32 68 45 45
0006_0070_0079_0060_0060.jpg 1 70 79 60 60
0007_0039_0064_0027_0027.jpg 1 39 64 27 27
0008_0028_0029_0066_0066.jpg 1 28 29 66 66
0009_0024_0024_0127_0127.jpg 1 24 24 127 127
0010_0112_0046_0071_0071.jpg 1 112 46 71 71
0011_0032_0015_0110_0110.jpg 1 32 15 110 110
0012_0062_0039_0126_0126.jpg 1 62 39 126 126
0013_0079_0006_0122_0122.jpg 1 79 6 122 122
0014_0035_0072_0096_0096.jpg 1 35 72 96 96
0015_0039_0050_0108_0108.jpg 1 39 50 108 108
0016_0024_0037_0024_0024.jpg 1 24 37 24 24
0017_0057_0096_0064_0064.jpg 1 57 96 64 64
0018_0122_0060_0100_0100.jpg 1 122 60 100 100
0019_0115_0060_0090_0090.jpg 1 115 60 90 90
0020_0128_0087_0087_0087.jpg 1 128 87 87 87
0021_0087_0041_0062_0062.jpg 1 87 41 62 62
0022_0046_0028_0083_0083.jpg 1 46 28 83 83
0023_0031_0038_0024_0024.jpg 1 31 38 24 24
0024_0047_0080_0080_0080.jpg 1 47 80 80 80
0025_0103_0043_0128_0128.jpg 1 103 43 128 128
0026_0085_0037_0125_0125.jpg 1 85 37 125 125
0027_0058_0075_0035_0035.jpg 1 58 75 35 35
0028_0119_0049_0109_0109.jpg 1 119 49 109 109
0029_0035_0049_0126_0126.jpg 1 35 49 126 126
0030_0157_0049_0034_0034.jpg 1 157 49 34 34
0031_0103_0025_0104_0104.jpg 1 103 25 104 104
0032_0120_0084_0088_0088.jpg 1 120 84 88 88
0033_0022_0048_0033_0033.jpg 1 22 48 33 33
0034_0133_0039_0058_0058.jpg 1 133 39 58 58
0035_0030_0111_0080_0080.jpg 1 30 111 80 80
0036_0029_0027_0051_0051.jpg 1 29 27 51 51
0037_0031_0038_0071_0071.jpg 1 31 38 71 71
0038_0096_0066_0085_0085.jpg 1 96 66 85 85
0039_0031_0022_0125_0125.jpg 1 31 22 125 125
0040_0134_0095_0078_0078.jpg 1 134 95 78 78
0041_0051_0086_0051_0051.jpg 1 51 86 51 51
0042_0141_0047_0084_0084.jpg 1 141 47 84 84
0043_0048_0125_0046_0046.jpg 1 48 125 46 46
0044_0078_0040_0125_0125.jpg 1 78 40 125 125
0045_0049_0061_0096_0096.jpg 1 49 61 96 96
0046_0164_0053_0064_0064.jpg 1 164 53 64 64
0047_0101_0132_0034_0034.jpg 1 101 132 34 34
0048_0037_0009_0084_0084.jpg 1 37 9 84 84
0049_0099_0107_0026_0026.jpg 1 99 107 26 26
0050_0024_0080_0049_0049.jpg 1 24 80 49 49
0001_0041_0021_0109_0109.jpg 1 41 21 109 109
0002_0092_0083_0034_0034.jpg 1 92 83 34 34
0003_0045_0036_0112_0112.jpg 1 45 36 112 112
0004_0063_0081_0095_0095.jpg 1 63 81 95 95
0005_0016_0072_0106_0106.jpg 1 16 72 106 106
0006_0136_0060_0083_0083.jpg 1 136 60 83 83
0007_0153_0026_0061_0061.jpg 1 153 26 61 61
0008_0037_0033_0080_0080.jpg 1 37 33 80 80
0009_0034_0086_0044_0044.jpg 1 34 86 44 44
0010_0150_0129_0028_0028.jpg 1 150 129 28 28
0011_0021_0073_0037_0037.jpg 1 21 73 37 37
0012_0022_0022_0086_0086.jpg 1 22 22 86 86
0013_0040_0047_0118_0118.jpg 1 40 47 118 118
0014_0092_0058_0078_0078.jpg 1 92 58 78 78
0015_0084_0019_0101_0101.jpg 1 84 19 101 101
0016_0129_0020_0081_0081.jpg 1 129 20 81 81
0017_0071_0024_0056_0056.jpg 1 71 24 56 56
0018_0130_0074_0046_0046.jpg 1 130 74 46 46
0019_0068_0052_0117_0117.jpg 1 68 52 117 117
0020_0032_0010_0124_0124.jpg 1 32 10 124 124
0021_0054_0043_0033_0033.jpg 1 54 43 33 33
0022_0133_0081_0071_0071.jpg 1 133 81 71 71
0023_0141_0085_0068_0068.jpg 1 141 85 68 68
0024_0014_0144_0126_0126.jpg 1 14 144 126 126
0025_0017_0069_0097_0097.jpg 1 17 69 97 97
0026_0034_0033_0024_0024.jpg 1 34 33 24 24
0027_0181_0099_0028_0028.jpg 1 181 99 28 28
0028_0037_0042_0076_0076.jpg 1 37 42 76 76
0029_0051_0088_0055_0055.jpg 1 51 88 55 55
0030_0115_0023_0086_0086.jpg 1 115 23 86 86
0031_0063_0044_0097_0097.jpg 1 63 44 97 97
0032_0156_0040_0054_0054.jpg 1 156 40 54 54
0033_0125_0018_0055_0055.jpg 1 125 18 55 55
0034_0060_0051_0026_0026.jpg 1 60 51 26 26
0035_0150_0110_0037_0037.jpg 1 150 110 37 37
0036_0025_0012_0114_0114.jpg 1 25 12 114 114
0037_0115_0052_0104_0104.jpg 1 115 52 104 104
0038_0104_0045_0082_0082.jpg 1 104 45 82 82
0039_0051_0075_0053_0053.jpg 1 51 75 53 53
0040_0052_0016_0110_0110.jpg 1 52 16 110 110
0041_0134_0043_0075_0075.jpg 1 134 43 75 75
0042_0111_0013_0107_0107.jpg 1 111 13 107 107
0043_0156_0089_0059_0059.jpg 1 156 89 59 59
0044_0104_0083_0085_0085.jpg 1 104 83 85 85
0045_0151_0084_0069_0069.jpg 1 151 84 69 69
0046_0115_0056_0104_0104.jpg 1 115 56 104 104
0047_0124_0067_0065_0065.jpg 1 124 67 65 65
0048_0104_0104_0062_0062.jpg 1 104 104 62 62
0049_0084_0118_0048_0048.jpg 1 84 118 48 48
0050_0140_0036_0066_0066.jpg 1 140 36 66 66
0001_0154_0029_0059_0059.jpg 1 154 29 59 59
0002_0055_0055_0075_0075.jpg 1 55 55 75 75
0003_0019_0128_0130_0130.jpg 1 19 128 130 130
0004_0111_0065_0072_0072.jpg 1 111 65 72 72
0005_0118_0043_0071_0071.jpg 1 118 43 71 71
0006_0076_0057_0096_0096.jpg 1 76 57 96 96
0007_0044_0012_0072_0072.jpg 1 44 12 72 72
0008_0030_0059_0107_0107.jpg 1 30 59 107 107
0009_0089_0025_0117_0117.jpg 1 89 25 117 117
0010_0093_0022_0079_0079.jpg 1 93 22 79 79
0011_0196_0113_0024_0024.jpg 1 196 113 24 24
0012_0094_0054_0098_0098.jpg 1 94 54 98 98
0013_0079_0008_0109_0109.jpg 1 79 8 109 109
0014_0104_0086_0065_0065.jpg 1 104 86 65 65
0015_0156_0031_0075_0075.jpg 1 156 31 75 75
0016_0068_0066_0083_0083.jpg 1 68 66 83 83
0017_0078_0036_0039_0039.jpg 1 78 36 39 39
0018_0177_0044_0033_0033.jpg 1 177 44 33 33
0019_0133_0051_0086_0086.jpg 1 133 51 86 86
0020_0114_0102_0027_0027.jpg 1 114 102 27 27
0021_0038_0024_0037_0037.jpg 1 38 24 37 37
0022_0074_0056_0104_0104.jpg 1 74 56 104 104
0023_0117_0015_0072_0072.jpg 1 117 15 72 72
0024_0117_0043_0107_0107.jpg 1 117 43 107 107
0025_0059_0081_0055_0055.jpg 1 59 81 55 55
0026_0090_0034_0081_0081.jpg 1 90 34 81 81
0027_0087_0014_0111_0111.jpg 1 87 14 111 111
0028_0017_0088_0092_0092.jpg 1 17 88 92 92
0029_0030_0043_0115_0115.jpg 1 30 43 115 115
0030_0069_0046_0129_0129.jpg 1 69 46 129 129
0031_0031_0045_0024_0024.jpg 1 31 45 24 24
0032_0077_0012_0094_0094.jpg 1 77 12 94 94
0033_0055_0013_0117_0117.jpg 1 55 13 117 117
0034_0073_0113_0097_0097.jpg 1 73 113 97 97
0035_0059_0082_0068_0068.jpg 1 59 82 68 68
0036_0087_0102_0054_0054.jpg 1 87 102 54 54
0037_0103_0048_0116_0116.jpg 1 103 48 116 116
0038_0073_0017_0108_0108.jpg 1 73 17 108 108
0039_0097_0053_0091_0091.jpg 1 97 53 91 91
0040_0046_0047_0123_0123.jpg 1 46 47 123 123
0041_0024_0039_0104_0104.jpg 1 24 39 104 104
0042_0168_0024_0025_0025.jpg 1 168 24 25 25
0043_0063_0020_0119_0119.jpg 1 63 20 119 119
0044_0019_0098_0066_0066.jpg 1 19 98 66 66
0045_0090_0089_0063_0063.jpg 1 90 89 63 63
0046_0025_0012_0122_0122.jpg 1 25 12 122 122
0047_0093_0144_0031_0031.jpg 1 93 144 31 31
0048_0039_0030_0111_0111.jpg 1 39 30 111 111
0049_0099_0115_0034_0034.jpg 1 99 115 34 34
0050_0054_0050_0055_0055.jpg 1 54 50 55 55
0001_0056_0172_0095_0095.jpg 1 56 172 95 95
0002_0084_0024_0109_0109.jpg 1 84 24 109 109
0003_0053_0080_0081_0081.jpg 1 53 80 81 81
0004_0045_0141_0053_0053.jpg 1 45 141 53 53
0005_0099_0029_0097_0097.jpg 1 99 29 97 97
0006_0023_0095_0044_0044.jpg 1 23 95 44 44
0007_0078_0091_0068_0068.jpg 1 78 91 68 68
0008_0051_0041_0113_0113.jpg 1 51 41 113 113
0009_0036_0087_0049_0049.jpg 1 36 87 49 49
0010_0096_0035_0100_0100.jpg 1 96 35 100 100
0011_0074_0114_0040_0040.jpg 1 74 114 40 40
0012_0084_0027_0069_0069.jpg 1 84 27 69 69
0013_0092_0112_0056_0056.jpg 1 92 112 56 56
0014_0086_0012_0074_0074.jpg 1 86 12 74 74
0015_0126_0038_0076_0076.jpg 1 126 38 76 76
0016_0050_0062_0036_0036.jpg 1 50 62 36 36
0017_0141_0059_0091_0091.jpg 1 141 59 91 91
0018_0086_0054_0038_0038.jpg 1 86 54 38 38
0019_0056_0030_0084_0084.jpg 1 56 30 84 84
0020_0122_0022_0093_0093.jpg 1 122 22 93 93
0021_0090_0064_0097_0097.jpg 1 90 64 97 97
0022_0035_0093_0075_0075.jpg 1 35 93 75 75
0023_0026_0010_0093_0093.jpg 1 26 10 93 93
0024_0123_0076_0077_0077.jpg 1 123 76 77 77
0025_0094_0049_0042_0042.jpg 1 94 49 42 42
0026_0163_0022_0068_0068.jpg 1 163 22 68 68
0027_0075_0041_0084_0084.jpg 1 75 41 84 84
0028_0114_0039_0044_0044.jpg 1 114 39 44 44
0029_0114_0036_0082_0082.jpg 1 114 36 82 82
0030_0027_0041_0111_0111.jpg 1 27 41 111 111
0031_0102_0011_0085_0085.jpg 1 102 11 85 85
0032_0013_0051_0086_0086.jpg 1 13 51 86 86
0033_0087_0138_0024_0024.jpg 1 87 138 24 24
0034_0050_0017_0113_0113.jpg 1 50 17 113 113
0035_0138_0109_0060_0060.jpg 1 138 109 60 60
0036_0140_0092_0035_0035.jpg 1 140 92 35 35
0037_0107_0046_0045_0045.jpg 1 107 46 45 45
0038_0042_0049_0098_0098.jpg 1 42 49 98 98
0039_0147_0080_0055_0055.jpg 1 147 80 55 55
0040_0011_0134_0109_0109.jpg 1 11 134 109 109
0041_0107_0015_0069_0069.jpg 1 107 15 69 69
0042_0098_0064_0056_0056.jpg 1 98 64 56 56
0043_0017_0033_0074_0074.jpg 1 17 33 74 74
0044_0190_0023_0028_0028.jpg 1 190 23 28 28
0045_0126_0027_0060_0060.jpg 1 126 27 60 60
0046_0046_0064_0094_0094.jpg 1 46 64 94 94
0047_0027_0117_0050_0050.jpg 1 27 117 50 50
0048_0153_0018_0024_0024.jpg 1 153 18 24 24
0049_0132_0088_0072_0072.jpg 1 132 88 72 72
0050_0103_0019_0116_0116.jpg 1 103 19 116 116
0001_0070_0030_0104_0104.jpg 1 70 30 104 104
0002_0070_0046_0105_0105.jpg 1 70 46 105 105
0003_0099_0019_0102_0102.jpg 1 99 19 102 102
0004_0131_0036_0031_0031.jpg 1 131 36 31 31
0005_0048_0045_0117_0117.jpg 1 48 45 117 117
0006_0077_0021_0101_0101.jpg 1 77 21 101 101
0007_0068_0009_0117_0117.jpg 1 68 9 117 117
0008_0159_0076_0065_0065.jpg 1 159 76 65 65
0009_0069_0044_0110_0110.jpg 1 69 44 110 110
0010_0077_0139_0030_0030.jpg 1 77 139 30 30
0011_0087_0041_0072_0072.jpg 1 87 41 72 72
0012_0090_0035_0092_0092.jpg 1 90 35 92 92
0013_0139_0042_0061_0061.jpg 1 139 42 61 61
0014_0071_0040_0104_0104.jpg 1 71 40 104 104
0015_0025_0168_0095_0095.jpg 1 25 168 95 95
0016_0153_0077_0048_0048.jpg 1 153 77 48 48
0017_0187_0027_0037_0037.jpg 1 187 27 37 37
0018_0157_0024_0031_0031.jpg 1 157 24 31 31
0019_0074_0025_0100_0100.jpg 1 74 25 100 100
0020_0112_0091_0066_0066.jpg 1 112 91 66 66
0021_0066_0051_0123_0123.jpg 1 66 51 123 123
0022_0090_0064_0053_0053.jpg 1 90 64 53 53
0023_0109_0022_0026_0026.jpg 1 109 22 26 26
0024_0067_0095_0074_0074.jpg 1 67 95 74 74
0025_0177_0078_0038_0038.jpg 1 177 78 38 38
0026_0071_0010_0105_0105.jpg 1 71 10 105 105
0027_0042_0044_0066_0066.jpg 1 42 44 66 66
0028_0051_0045_0081_0081.jpg 1 51 45 81 81
0029_0059_0026_0123_0123.jpg 1 59 26 123 123
0030_0086_0062_0107_0107.jpg 1 86 62 107 107
0031_0068_0061_0103_0103.jpg 1 68 61 103 103
0032_0116_0031_0070_0070.jpg 1 116 31 70 70
0033_0045_0065_0100_0100.jpg 1 45 65 100 100
0034_0062_0045_0074_0074.jpg 1 62 45 74 74
0035_0103_0050_0091_0091.jpg 1 103 50 91 91
0036_0124_0033_0099_0099.jpg 1 124 33 99 99
0037_0145_0017_0078_0078.jpg 1 145 17 78 78
0038_0159_0024_0044_0044.jpg 1 159 24 44 44
0039_0095_0056_0076_0076.jpg 1 95 56 76 76
0040_0108_0026_0122_0122.jpg 1 108 26 122 122
0041_0025_0080_0118_0118.jpg 1 25 80 118 118
0042_0063_0011_0082_0082.jpg 1 63 11 82 82
0043_0078_0017_0094_0094.jpg 1 78 17 94 94
0044_0135_0022_0080_0080.jpg 1 135 22 80 80
0045_0155_0068_0066_0066.jpg 1 155 68 66 66
0046_0022_0026_0081_0081.jpg 1 22 26 81 81
0047_0119_0013_0090_0090.jpg 1 119 13 90 90
0048_0032_0116_0111_0111.jpg 1 32 116 111 111
0049_0109_0034_0104_0104.jpg 1 109 34 104 104
0050_0167_0088_0039_0039.jpg 1 167 88 39 39
0001_0144_0094_0060_0060.jpg 1 144 94 60 60
0002_0167_0068_0035_0035.jpg 1 167 68 35 35
0003_0018_0065_0111_0111.jpg 1 18 65 111 111
0004_0073_0034_0088_0088.jpg 1 73 34 88 88
0005_0123_0090_0050_0050.jpg 1 123 90 50 50
0006_0143_0025_0088_0088.jpg 1 143 25 88 88
0007_0063_0027_0089_0089.jpg 1 63 27 89 89
0008_0032_0026_0081_0081.jpg 1 32 26 81 81
0009_0102_0013_0102_0102.jpg 1 102 13 102 102
0010_0140_0098_0066_0066.jpg 1 140 98 66 66
0011_0103_0011_0084_0084.jpg 1 103 11 84 84
0012_0181_0018_0024_0024.jpg 1 181 18 24 24
0013_0033_0094_0099_0099.jpg 1 33 94 99 99
0014_0039_0038_0045_0045.jpg 1 39 38 45 45
0015_0140_0105_0055_0055.jpg 1 140 105 55 55
0016_0078_0038_0100_0100.jpg 1 78 38 100 100
0017_0098_0084_0063_0063.jpg 1 98 84 63 63
0018_0071_0050_0108_0108.jpg 1 71 50 108 108
0019_0023_0036_0026_0026.jpg 1 23 36 26 26
0020_0065_0026_0102_0102.jpg 1 65 26 102 102
0021_0072_0026_0071_0071.jpg 1 72 26 71 71
0022_0076_0022_0089_0089.jpg 1 76 22 89 89
0023_0120_0016_0035_0035.jpg 1 120 16 35 35
0024_0160_0025_0069_0069.jpg 1 160 25 69 69
0025_0123_0026_0089_0089.jpg 1 123 26 89 89
0026_0038_0018_0112_0112.jpg 1 38 18 112 112
0027_0048_0132_0066_0066.jpg 1 48 132 66 66
0028_0061_0107_0040_0040.jpg 1 61 107 40 40
0029_0016_0024_0061_0061.jpg 1 16 24 61 61
0030_0156_0104_0057_0057.jpg 1 156 104 57 57
0031_0090_0027_0027_0027.jpg 1 90 27 27 27
0032_0045_0099_0030_0030.jpg 1 45 99 30 30
0033_0131_0084_0073_0073.jpg 1 131 84 73 73
0034_0063_0095_0104_0104.jpg 1 63 95 104 104
0035_0185_0027_0042_0042.jpg 1 185 27 42 42
0036_0021_0058_0100_0100.jpg 1 21 58 100 100
0037_0106_0031_0086_0086.jpg 1 106 31 86 86
0038_0074_0040_0079_0079.jpg 1 74 40 79 79
0039_0080_0092_0065_0065.jpg 1 80 92 65 65
0040_0123_0008_0101_0101.jpg 1 123 8 101 101
0041_0059_0031_0106_0106.jpg 1 59 31 106 106
0042_0092_0116_0032_0032.jpg 1 92 116 32 32
0043_0070_0088_0036_0036.jpg 1 70 88 36 36
0044_0102_0052_0102_0102.jpg 1 102 52 102 102
0045_0119_0020_0043_0043.jpg 1 119 20 43 43
0046_0044_0019_0104_0104.jpg 1 44 19 104 104
0047_0039_0041_0112_0112.jpg 1 39 41 112 112
0048_0115_0009_0113_0113.jpg 1 115 9 113 113
0049_0112_0040_0101_0101.jpg 1 112 40 101 101
0050_0020_0026_0098_0098.jpg 1 20 26 98 98
0001_0047_0046_0100_0100.jpg 1 47 46 100 100
0002_0115_0075_0075_0075.jpg 1 115 75 75 75
0003_0066_0084_0077_0077.jpg 1 66 84 77 77
0004_0106_0083_0077_0077.jpg 1 106 83 77 77
0005_0127_0076_0040_0040.jpg 1 127 76 40 40
0006_0106_0088_0053_0053.jpg 1 106 88 53 53
0007_0045_0043_0100_0100.jpg 1 45 43 100 100
0008_0036_0037_0104_0104.jpg 1 36 37 104 104
0009_0157_0028_0041_0041.jpg 1 157 28 41 41
0010_0020_0017_0068_0068.jpg 1 20 17 68 68
0011_0136_0075_0063_0063.jpg 1 136 75 63 63
0012_0102_0077_0079_0079.jpg 1 102 77 79 79
0013_0010_0133_0113_0113.jpg 1 10 133 113 113
0014_0065_0035_0090_0090.jpg 1 65 35 90 90
0015_0192_0134_0030_0030.jpg 1 192 134 30 30
0016_0026_0018_0088_0088.jpg 1 26 18 88 88
0017_0092_0079_0091_0091.jpg 1 92 79 91 91
0018_0015_0029_0115_0115.jpg 1 15 29 115 115
0019_0146_0068_0085_0085.jpg 1 146 68 85 85
0020_0038_0027_0096_0096.jpg 1 38 27 96 96
0021_0104_0044_0102_0102.jpg 1 104 44 102 102
0022_0127_0032_0038_0038.jpg 1 127 32 38 38
0023_0184_0033_0037_0037.jpg 1 184 33 37 37
0024_0050_0041_0089_0089.jpg 1 50 41 89 89
0025_0043_0029_0069_0069.jpg 1 43 29 69 69
0026_0123_0053_0102_0102.jpg 1 123 53 102 102
0027_0057_0179_0099_0099.jpg 1 57 179 99 99
0028_0062_0019_0097_0097.jpg 1 62 19 97 97
0029_0062_0045_0051_0051.jpg 1 62 45 51 51
0030_0085_0082_0056_0056.jpg 1 85 82 56 56
0031_0095_0036_0072_0072.jpg 1 95 36 72 72
0032_0122_0074_0071_0071.jpg 1 122 74 71 71
0033_0083_0063_0101_0101.jpg 1 83 63 101 101
0034_0147_0102_0069_0069.jpg 1 147 102 69 69
0035_0019_0035_0060_0060.jpg 1 19 35 60 60
0036_0037_0085_0088_0088.jpg 1 37 85 88 88
0037_0043_0038_0112_0112.jpg 1 43 38 112 112
0038_0038_0013_0106_0106.jpg 1 38 13 106 106
0039_0038_0013_0091_0091.jpg 1 38 13 91 91
0040_0053_0053_0072_0072.jpg 1 53 53 72 72
0041_0047_0051_0101_0101.jpg 1 47 51 101 101
0042_0128_0043_0104_0104.jpg 1 128 43 104 104
0043_0070_0046_0048_0048.jpg 1 70 46 48 48
0044_0148_0079_0065_0065.jpg 1 148 79 65 65
0045_0122_0135_0026_0026.jpg 1 122 135 26 26
0046_0160_0112_0055_0055.jpg 1 160 112 55 55
0047_0098_0031_0090_0090.jpg 1 98 31 90 90
0048_0026_0059_0081_0081.jpg 1 26 59 81 81
0049_0181_0061_0047_0047.jpg 1 181 61 47 47
0050_0081_0053_0025_0025.jpg 1 81 53 25 25
0001_0024_0110_0043_0043.jpg 1 24 110 43 43
0002_0089_0090_0081_0081.jpg 1 89 90 81 81
0003_0056_0048_0096_0096.jpg 1 56 48 96 96
0004_0120_0071_0086_0086.jpg 1 120 71 86 86
0005_0122_0024_0109_0109.jpg 1 122 24 109 109
0006_0037_0031_0074_0074.jpg 1 37 31 74 74
0007_0059_0042_0078_0078.jpg 1 59 42 78 78
0008_0065_0030_0107_0107.jpg 1 65 30 107 107
0009_0016_0055_0095_0095.jpg 1 16 55 95 95
0010_0107_0139_0047_0047.jpg 1 107 139 47 47
0011_0031_0103_0088_0088.jpg 1 31 103 88 88
0012_0067_0040_0123_0123.jpg 1 67 40 123 123
0013_0065_0074_0087_0087.jpg 1 65 74 87 87
0014_0100_0012_0105_0105.jpg 1 100 12 105 105
0015_0063_0041_0111_0111.jpg 1 63 41 111 111
0016_0085_0050_0095_0095.jpg 1 85 50 95 95
0017_0040_0012_0119_0119.jpg 1 40 12 119 119
0018_0022_0016_0128_0128.jpg 1 22 16 128 128
0019_0025_0018_0081_0081.jpg 1 25 18 81 81
0020_0143_0033_0090_0090.jpg 1 143 33 90 90
0021_0090_0112_0037_0037.jpg 1 90 112 37 37
0022_0073_0177_0025_0025.jpg 1 73 177 25 25
0023_0080_0031_0121_0121.jpg 1 80 31 121 121
0024_0104_0096_0062_0062.jpg 1 104 96 62 62
0025_0112_0068_0068_0068.jpg 1 112 68 68 68
0026_0094_0051_0118_0118.jpg 1 94 51 118 118
0027_0093_0024_0107_0107.jpg 1 93 24 107 107
0028_0049_0197_0078_0078.jpg 1 49 197 78 78
0029_0162_0045_0065_0065.jpg 1 162 45 65 65
0030_0070_0082_0059_0059.jpg 1 70 82 59 59
0031_0116_0045_0079_0079.jpg 1 116 45 79 79
0032_0073_0010_0079_0079.jpg 1 73 10 79 79
0033_0022_0049_0121_0121.jpg 1 22 49 121 121
0034_0064_0098_0067_0067.jpg 1 64 98 67 67
0035_0039_0045_0069_0069.jpg 1 39 45 69 69
0036_0080_0037_0065_0065.jpg 1 80 37 65 65
0037_0042_0063_0079_0079.jpg 1 42 63 79 79
0038_0019_0019_0073_0073.jpg 1 19 19 73 73
0039_0037_0090_0080_0080.jpg 1 37 90 80 80
0040_0106_0058_0112_0112.jpg 1 106 58 112 112
0041_0146_0022_0078_0078.jpg 1 146 22 78 78
0042_0125_0034_0095_0095.jpg 1 125 34 95 95
0043_0074_0061_0074_0074.jpg 1 74 61 74 74
0044_0119_0139_0025_0025.jpg 1 119 139 25 25
0045_0113_0062_0079_0079.jpg 1 113 62 79 79
0046_0155_0080_0075_0075.jpg 1 155 80 75 75
0047_0123_0057_0097_0097.jpg 1 123 57 97 97
0048_0066_0079_0057_0057.jpg 1 66 79 57 57
0049_0097_0065_0088_0088.jpg 1 97 65 88 88
0050_0017_0044_0093_0093.jpg 1 17 44 93 93
0001_0066_0031_0033_0033.jpg 1 66 31 33 33
0002_0107_0033_0095_0095.jpg 1 107 33 95 95
0003_0141_0014_0071_0071.jpg 1 141 14 71 71
0004_0063_0036_0092_0092.jpg 1 63 36 92 92
0005_0059_0135_0067_0067.jpg 1 59 135 67 67
0006_0057_0067_0094_0094.jpg 1 57 67 94 94
0007_0100_0029_0126_0126.jpg 1 100 29 126 126
0008_0083_0083_0044_0044.jpg 1 83 83 44 44
0009_0057_0010_0129_0129.jpg 1 57 10 129 129
0010_0113_0062_0092_0092.jpg 1 113 62 92 92
0011_0072_0084_0079_0079.jpg 1 72 84 79 79
0012_0046_0034_0070_0070.jpg 1 46 34 70 70
0013_0166_0055_0053_0053.jpg 1 166 55 53 53
0014_0027_0041_0128_0128.jpg 1 27 41 128 128
0015_0098_0151_0034_0034.jpg 1 98 151 34 34
0016_0122_0038_0060_0060.jpg 1 122 38 60 60
0017_0072_0047_0126_0126.jpg 1 72 47 126 126
0018_0021_0026_0062_0062.jpg 1 21 26 62 62
0019_0030_0011_0124_0124.jpg 1 30 11 124 124
0020_0090_0187_0031_0031.jpg 1 90 187 31 31
0021_0068_0045_0058_0058.jpg 1 68 45 58 58
0022_0049_0022_0105_0105.jpg 1 49 22 105 105
0023_0048_0029_0038_0038.jpg 1 48 29 38 38
0024_0035_0028_0113_0113.jpg 1 35 28 113 113
0025_0035_0059_0034_0034.jpg 1 35 59 34 34
0026_0013_0069_0124_0124.jpg 1 13 69 124 124
0027_0075_0079_0047_0047.jpg 1 75 79 47 47
0028_0096_0053_0059_0059.jpg 1 96 53 59 59
0029_0127_0066_0089_0089.jpg 1 127 66 89 89
0030_0032_0010_0089_0089.jpg 1 32 10 89 89
0031_0069_0023_0071_0071.jpg 1 69 23 71 71
0032_0111_0070_0092_0092.jpg 1 111 70 92 92
0033_0076_0040_0122_0122.jpg 1 76 40 122 122
0034_0092_0040_0056_0056.jpg 1 92 40 56 56
0035_0059_0051_0084_0084.jpg 1 59 51 84 84
0036_0127_0036_0095_0095.jpg 1 127 36 95 95
0037_0145_0075_0057_0057.jpg 1 145 75 57 57
0038_0082_0039_0095_0095.jpg 1 82 39 95 95
0039_0044_0119_0053_0053.jpg 1 44 119 53 53
0040_0113_0044_0106_0106.jpg 1 113 44 106 106
0041_0132_0056_0070_0070.jpg 1 132 56 70 70
0042_0162_0062_0059_0059.jpg 1 162 62 59 59
0043_0072_0038_0117_0117.jpg 1 72 38 117 117
0044_0069_0017_0091_0091.jpg 1 69 17 91 91
0045_0058_0034_0084_0084.jpg 1 58 34 84 84
0046_0112_0014_0121_0121.jpg 1 112 14 121 121
0047_0076_0178_0061_0061.jpg 1 76 178 61 61
0048_0084_0016_0114_0114.jpg 1 84 16 114 114
0049_0052_0048_0069_0069.jpg 1 52 48 69 69
0050_0063_0111_0024_0024.jpg 1 63 111 24 24
0001_0188_0087_0036_0036.jpg 1 188 87 36 36
0002_0099_0016_0128_0128.jpg 1 99 16 128 128
0003_0083_0012_0111_0111.jpg 1 83 12 111 111
0004_0022_0039_0075_0075.jpg 1 22 39 75 75
0005_0023_0033_0048_0048.jpg 1 23 33 48 48
0006_0155_0116_0045_0045.jpg 1 155 116 45 45
0007_0108_0034_0116_0116.jpg 1 108 34 116 116
0008_0068_0069_0086_0086.jpg 1 68 69 86 86
0009_0086_0101_0048_0048.jpg 1 86 101 48 48
0010_0081_0053_0106_0106.jpg 1 81 53 106 106
0011_0165_0044_0055_0055.jpg 1 165 44 55 55
0012_0141_0115_0041_0041.jpg 1 141 115 41 41
0013_0028_0055_0113_0113.jpg 1 28 55 113 113
0014_0037_0143_0045_0045.jpg 1 37 143 45 45
0015_0068_0031_0060_0060.jpg 1 68 31 60 60
0016_0177_0099_0030_0030.jpg 1 177 99 30 30
0017_0124_0112_0036_0036.jpg 1 124 112 36 36
0018_0085_0010_0114_0114.jpg 1 85 10 114 114
0019_0021_0009_0115_0115.jpg 1 21 9 115 115
0020_0099_0042_0033_0033.jpg 1 99 42 33 33
0021_0110_0012_0100_0100.jpg 1 110 12 100 100
0022_0062_0057_0118_0118.jpg 1 62 57 118 118
0023_0060_0031_0104_0104.jpg 1 60 31 104 104
0024_0053_0034_0103_0103.jpg 1 53 34 103 103
0025_0115_0081_0075_0075.jpg 1 115 81 75 75
0026_0094_0067_0058_0058.jpg 1 94 67 58 58
0027_0062_0082_0064_0064.jpg 1 62 82 64 64
0028_0142_0121_0029_0029.jpg 1 142 121 29 29
0029_0066_0030_0104_0104.jpg 1 66 30 104 104
0030_0079_0049_0086_0086.jpg 1 79 49 86 86
0031_0045_0074_0122_0122.jpg 1 45 74 122 122
0032_0047_0106_0127_0127.jpg 1 47 106 127 127
0033_0065_0034_0128_0128.jpg 1 65 34 128 128
0034_0188_0128_0040_0040.jpg 1 188 128 40 40
0035_0021_0047_0085_0085.jpg 1 21 47 85 85
0036_0043_0145_0114_0114.jpg 1 43 145 114 114
0037_0017_0076_0101_0101.jpg 1 17 76 101 101
0038_0106_0229_0026_0026.jpg 1 106 229 26 26
0039_0099_0040_0063_0063.jpg 1 99 40 63 63
0040_0068_0040_0080_0080.jpg 1 68 40 80 80
0041_0107_0028_0117_0117.jpg 1 107 28 117 117
0042_0043_0009_0129_0129.jpg 1 43 9 129 129
0043_0073_0097_0042_0042.jpg 1 73 97 42 42
0044_0074_0026_0087_0087.jpg 1 74 26 87 87
0045_0082_0042_0074_0074.jpg 1 82 42 74 74
0046_0181_0093_0044_0044.jpg 1 181 93 44 44
0047_0083_0074_0067_0067.jpg 1 83 74 67 67
0048_0015_0038_0103_0103.jpg 1 15 38 103 103
0049_0071_0013_0105_0105.jpg 1 71 13 105 105
0050_0030_0050_0102_0102.jpg 1 30 50 102 102
0001_0085_0065_0070_0070.jpg 1 85 65 70 70
0002_0110_0044_0114_0114.jpg 1 110 44 114 114
0003_0051_0046_0031_0031.jpg 1 51 46 31 31
0004_0108_0021_0043_0043.jpg 1 108 21 43 43
0005_0079_0201_0054_0054.jpg 1 79 201 54 54
0006_0037_0138_0086_0086.jpg 1 37 138 86 86
0007_0147_0054_0084_0084.jpg 1 147 54 84 84
0008_0034_0069_0064_0064.jpg 1 34 69 64 64
0009_0078_0063_0108_0108.jpg 1 78 63 108 108
0010_0168_0115_0031_0031.jpg 1 168 115 31 31
0011_0080_0010_0107_0107.jpg 1 80 10 107 107
0012_0057_0020_0118_0118.jpg 1 57 20 118 118
0013_0100_0038_0101_0101.jpg 1 100 38 101 101
0014_0027_0033_0104_0104.jpg 1 27 33 104 104
0015_0106_0030_0036_0036.jpg 1 106 30 36 36
0016_0019_0057_0130_0130.jpg 1 19 57 130 130
0017_0088_0115_0051_0051.jpg 1 88 115 51 51
0018_0112_0014_0060_0060.jpg 1 112 14 60 60
0019_0043_0058_0082_0082.jpg 1 43 58 82 82
0020_0032_0055_0085_0085.jpg 1 32 55 85 85
0021_0048_0062_0109_0109.jpg 1 48 62 109 109
0022_0016_0063_0091_0091.jpg 1 16 63 91 91
0023_0038_0039_0108_0108.jpg 1 38 39 108 108
0024_0159_0024_0063_0063.jpg 1 159 24 63 63
0025_0072_0089_0053_0053.jpg 1 72 89 53 53
0026_0116_0042_0079_0079.jpg 1 116 42 79 79
0027_0088_0051_0074_0074.jpg 1 88 51 74 74
0028_0028_0065_0094_0094.jpg 1 28 65 94 94
0029_0123_0025_0093_0093.jpg 1 123 25 93 93
0030_0045_0030_0112_0112.jpg 1 45 30 112 112
0031_0088_0074_0101_0101.jpg 1 88 74 101 101
0032_0013_0062_0108_0108.jpg 1 13 62 108 108
0033_0166_0073_0041_0041.jpg 1 166 73 41 41
0034_0041_0076_0042_0042.jpg 1 41 76 42 42
0035_0140_0049_0087_0087.jpg 1 140 49 87 87
0036_0048_0037_0105_0105.jpg 1 48 37 105 105
0037_0135_0020_0095_0095.jpg 1 135 20 95 95
0038_0072_0107_0050_0050.jpg 1 72 107 50 50
0039_0062_0064_0070_0070.jpg 1 62 64 70 70
0040_0126_0044_0071_0071.jpg 1 126 44 71 71
0041_0090_0170_0046_0046.jpg 1 90 170 46 46
0042_0081_0108_0037_0037.jpg 1 81 108 37 37
0043_0092_0090_0061_0061.jpg 1 92 90 61 61
0044_0127_0061_0085_0085.jpg 1 127 61 85 85
0045_0161_0136_0026_0026.jpg 1 161 136 26 26
0046_0026_0020_0093_0093.jpg 1 26 20 93 93
0047_0018_0123_0076_0076.jpg 1 18 123 76 76
0048_0115_0057_0030_0030.jpg 1 115 57 30 30
0049_0072_0088_0036_0036.jpg 1 72 88 36 36
0050_0096_0056_0099_0099.jpg 1 96 56 99 99
0001_0035_0021_0080_0080.jpg 1 35 21 80 80
0002_0117_0034_0076_0076.jpg 1 117 34 76 76
0003_0158_0083_0039_0039.jpg 1 158 83 39 39
0004_0030_0040_0092_0092.jpg 1 30 40 92 92
0005_0138_0022_0061_0061.jpg 1 138 22 61 61
0006_0073_0012_0116_0116.jpg 1 73 12 116 116
0007_0031_0142_0025_0025.jpg 1 31 142 25 25
0008_0090_0049_0106_0106.jpg 1 90 49 106 106
0009_0104_0064_0109_0109.jpg 1 104 64 109 109
0010_0117_0025_0032_0032.jpg 1 117 25 32 32
0011_0020_0041_0077_0077.jpg 1 20 41 77 77
0012_0037_0092_0063_0063.jpg 1 37 92 63 63
0013_0118_0064_0111_0111.jpg 1 118 64 111 111
0014_0112_0070_0060_0060.jpg 1 112 70 60 60
0015_0078_0079_0047_0047.jpg 1 78 79 47 47
0016_0139_0017_0050_0050.jpg 1 139 17 50 50
0017_0086_0025_0104_0104.jpg 1 86 25 104 104
0018_0089_0034_0077_0077.jpg 1 89 34 77 77
0019_0064_0056_0083_0083.jpg 1 64 56 83 83
0020_0122_0110_0053_0053.jpg 1 122 110 53 53
0021_0120_0118_0031_0031.jpg 1 120 118 31 31
0022_0166_0042_0035_0035.jpg 1 166 42 35 35
0023_0024_0054_0101_0101.jpg 1 24 54 101 101
0024_0090_0012_0060_0060.jpg 1 90 12 60 60
0025_0087_0027_0071_0071.jpg 1 87 27 71 71
0026_0107_0029_0064_0064.jpg 1 107 29 64 64
0027_0035_0039_0127_0127.jpg 1 35 39 127 127
0028_0033_0022_0114_0114.jpg 1 33 22 114 114
0029_0178_0020_0045_0045.jpg 1 178 20 45 45
0030_0033_0011_0113_0113.jpg 1 33 11 113 113
0031_0121_0074_0046_0046.jpg 1 121 74 46 46
0032_0141_0068_0045_0045.jpg 1 141 68 45 45
0033_0034_0033_0125_0125.jpg 1 34 33 125 125
0034_0033_0129_0108_0108.jpg 1 33 129 108 108
0035_0153_0110_0054_0054.jpg 1 153 110 54 54
0036_0122_0013_0069_0069.jpg 1 122 13 69 69
0037_0090_0039_0107_0107.jpg 1 90 39 107 107
0038_0116_0113_0035_0035.jpg 1 116 113 35 35
0039_0037_0055_0052_0052.jpg 1 37 55 52 52
0040_0092_0056_0118_0118.jpg 1 92 56 118 118
0041_0024_0018_0108_0108.jpg 1 24 18 108 108
0042_0083_0041_0079_0079.jpg 1 83 41 79 79
0043_0042_0052_0126_0126.jpg 1 42 52 126 126
0044_0034_0054_0059_0059.jpg 1 34 54 59 59
0045_0134_0066_0066_0066.jpg 1 134 66 66 66
0046_0112_0057_0090_0090.jpg 1 112 57 90 90
0047_0038_0009_0073_0073.jpg 1 38 9 73 73
0048_0073_0031_0108_0108.jpg 1 73 31 108 108
0049_0088_0041_0116_0116.jpg 1 88 41 116 116
0050_0139_0072_0089_0089.jpg 1 139 72 89 89
0001_0075_0082_0064_0064.jpg 1 75 82 64 64
0002_0095_0011_0075_0075.jpg 1 95 11 75 75
0003_0107_0028_0104_0104.jpg 1 107 28 104 104
0004_0112_0035_0094_0094.jpg 1 112 35 94 94
0005_0026_0044_0130_0130.jpg 1 26 44 130 130
0006_0147_0106_0031_0031.jpg 1 147 106 31 31
0007_0041_0033_0107_0107.jpg 1 41 33 107 107
0008_0092_0021_0110_0110.jpg 1 92 21 110 110
0009_0019_0087_0075_0075.jpg 1 19 87 75 75
0010_0083_0032_0048_0048.jpg 1 83 32 48 48
0011_0016_0009_0099_0099.jpg 1 16 9 99 99
0012_0074_0039_0063_0063.jpg 1 74 39 63 63
0013_0075_0075_0087_0087.jpg 1 75 75 87 87
0014_0022_0026_0093_0093.jpg 1 22 26 93 93
0015_0053_0058_0114_0114.jpg 1 53 58 114 114
0016_0029_0009_0128_0128.jpg 1 29 9 128 128
0017_0078_0019_0099_0099.jpg 1 78 19 99 99
0018_0049_0058_0049_0049.jpg 1 49 58 49 49
0019_0032_0024_0098_0098.jpg 1 32 24 98 98
0020_0103_0010_0126_0126.jpg 1 103 10 126 126
0021_0072_0031_0039_0039.jpg 1 72 31 39 39
0022_0127_0112_0054_0054.jpg 1 127 112 54 54
0023_0039_0054_0119_0119.jpg 1 39 54 119 119
0024_0045_0050_0087_0087.jpg 1 45 50 87 87
0025_0046_0054_0065_0065.jpg 1 46 54 65 65
0026_0045_0110_0051_0051.jpg 1 45 110 51 51
0027_0187_0090_0040_0040.jpg 1 187 90 40 40
0028_0078_0063_0094_0094.jpg 1 78 63 94 94
0029_0137_0034_0090_0090.jpg 1 137 34 90 90
0030_0188_0082_0030_0030.jpg 1 188 82 30 30
0031_0031_0081_0096_0096.jpg 1 31 81 96 96
0032_0051_0035_0129_0129.jpg 1 51 35 129 129
0033_0103_0042_0129_0129.jpg 1 103 42 129 129
0034_0035_0053_0086_0086.jpg 1 35 53 86 86
0035_0150_0056_0075_0075.jpg 1 150 56 75 75
0036_0061_0040_0116_0116.jpg 1 61 40 116 116
0037_0062_0022_0029_0029.jpg 1 62 22 29 29
0038_0148_0107_0034_0034.jpg 1 148 107 34 34
0039_0079_0019_0099_0099.jpg 1 79 19 99 99
0040_0082_0114_0051_0051.jpg 1 82 114 51 51
0041_0018_0038_0101_0101.jpg 1 18 38 101 101
0042_0050_0008_0117_0117.jpg 1 50 8 117 117
0043_0147_0019_0062_0062.jpg 1 147 19 62 62
0044_0105_0029_0123_0123.jpg 1 105 29 123 123
0045_0114_0037_0063_0063.jpg 1 114 37 63 63
0046_0022_0060_0075_0075.jpg 1 22 60 75 75
0047_0099_0127_0041_0041.jpg 1 99 127 41 41
0048_0119_0072_0066_0066.jpg 1 119 72 66 66
0049_0027_0060_0026_0026.jpg 1 27 60 26 26
0050_0134_0079_0065_0065.jpg 1 134 79 65 65
0001_0042_0101_0048_0048.jpg 1 42 101 48 48
0002_0074_0032_0073_0073.jpg 1 74 32 73 73
0003_0060_0014_0062_0062.jpg 1 60 14 62 62
0004_0131_0032_0094_0094.jpg 1 131 32 94 94
0005_0140_0056_0092_0092.jpg 1 140 56 92 92
0006_0051_0027_0108_0108.jpg 1 51 27 108 108
0007_0082_0116_0035_0035.jpg 1 82 116 35 35
0008_0074_0016_0129_0129.jpg 1 74 16 129 129
0009_0044_0051_0070_0070.jpg 1 44 51 70 70
0010_0097_0075_0045_0045.jpg 1 97 75 45 45
0011_0138_0030_0078_0078.jpg 1 138 30 78 78
0012_0095_0073_0081_0081.jpg 1 95 73 81 81
0013_0082_0022_0115_0115.jpg 1 82 22 115 115
0014_0031_0016_0108_0108.jpg 1 31 16 108 108
0015_0035_0056_0111_0111.jpg 1 35 56 111 111
0016_0115_0097_0055_0055.jpg 1 115 97 55 55
0017_0127_0102_0033_0033.jpg 1 127 102 33 33
0018_0031_0160_0066_0066.jpg 1 31 160 66 66
0019_0149_0096_0029_0029.jpg 1 149 96 29 29
0020_0033_0055_0114_0114.jpg 1 33 55 114 114
0021_0132_0060_0098_0098.jpg 1 132 60 98 98
0022_0085_0056_0099_0099.jpg 1 85 56 99 99
0023_0037_0011_0082_0082.jpg 1 37 11 82 82
0024_0027_0043_0096_0096.jpg 1 27 43 96 96
0025_0051_0063_0032_0032.jpg 1 51 63 32 32
0026_0053_0008_0082_0082.jpg 1 53 8 82 82
0027_0044_0068_0072_0072.jpg 1 44 68 72 72
0028_0027_0058_0112_0112.jpg 1 27 58 112 112
0029_0178_0044_0041_0041.jpg 1 178 44 41 41
0030_0125_0090_0034_0034.jpg 1 125 90 34 34
0031_0097_0029_0068_0068.jpg 1 97 29 68 68
0032_0021_0124_0077_0077.jpg 1 21 124 77 77
0033_0064_0038_0056_0056.jpg 1 64 38 56 56
0034_0108_0072_0103_0103.jpg 1 108 72 103 103
0035_0186_0016_0033_0033.jpg 1 186 16 33 33
0036_0086_0065_0109_0109.jpg 1 86 65 109 109
0037_0105_0012_0118_0118.jpg 1 105 12 118 118
0038_0085_0059_0114_0114.jpg 1 85 59 114 114
0039_0096_0040_0041_0041.jpg 1 96 40 41 41
0040_0058_0006_0126_0126.jpg 1 58 6 126 126
0041_0099_0008_0111_0111.jpg 1 99 8 111 111
0042_0060_0049_0084_0084.jpg 1 60 49 84 84
0043_0041_0038_0090_0090.jpg 1 41 38 90 90
0044_0072_0053_0127_0127.jpg 1 72 53 127 127
0045_0022_0070_0084_0084.jpg 1 22 70 84 84
0046_0133_0023_0092_0092.jpg 1 133 23 92 92
0047_0093_0075_0100_0100.jpg 1 93 75 100 100
0048_0063_0049_0106_0106.jpg 1 63 49 106 106
0049_0110_0057_0101_0101.jpg 1 110 57 101 101
0050_0096_0036_0038_0038.jpg 1 96 36 38 38
0001_0105_0057_0103_0103.jpg 1 105 57 103 103
0002_0056_0016_0059_0059.jpg 1 56 16 59 59
0003_0043_0043_0129_0129.jpg 1 43 43 129 129
0004_0028_0054_0116_0116.jpg 1 28 54 116 116
0005_0019_0041_0094_0094.jpg 1 19 41 94 94
0006_0043_0088_0034_0034.jpg 1 43 88 34 34
0007_0016_0046_0090_0090.jpg 1 16 46 90 90
0008_0051_0047_0091_0091.jpg 1 51 47 91 91
0009_0034_0074_0074_0074.jpg 1 34 74 74 74
0010_0091_0099_0073_0073.jpg 1 91 99 73 73
0011_0089_0045_0105_0105.jpg 1 89 45 105 105
0012_0085_0010_0086_0086.jpg 1 85 10 86 86
0013_0106_0050_0130_0130.jpg 1 106 50 130 130
0014_0023_0015_0119_0119.jpg 1 23 15 119 119
0015_0087_0050_0038_0038.jpg 1 87 50 38 38
0016_0022_0009_0114_0114.jpg 1 22 9 114 114
0017_0060_0051_0057_0057.jpg 1 60 51 57 57
0018_0077_0056_0038_0038.jpg 1 77 56 38 38
0019_0046_0174_0086_0086.jpg 1 46 174 86 86
0020_0115_0024_0057_0057.jpg 1 115 24 57 57
0021_0025_0024_0123_0123.jpg 1 25 24 123 123
0022_0036_0039_0069_0069.jpg 1 36 39 69 69
0023_0094_0028_0046_0046.jpg 1 94 28 46 46
0024_0030_0046_0072_0072.jpg 1 30 46 72 72
0025_0059_0065_0081_0081.jpg 1 59 65 81 81
0026_0027_0087_0049_0049.jpg 1 27 87 49 49
0027_0118_0073_0105_0105.jpg 1 118 73 105 105
0028_0025_0017_0120_0120.jpg 1 25 17 120 120
0029_0174_0063_0054_0054.jpg 1 174 63 54 54
0030_0116_0027_0035_0035.jpg 1 116 27 35 35
0031_0066_0015_0066_0066.jpg 1 66 15 66 66
0032_0107_0085_0028_0028.jpg 1 107 85 28 28
0033_0108_0026_0045_0045.jpg 1 108 26 45 45
0034_0168_0089_0041_0041.jpg 1 168 89 41 41
0035_0160_0111_0025_0025.jpg 1 160 111 25 25
0036_0115_0037_0056_0056.jpg 1 115 37 56 56
0037_0083_0065_0105_0105.jpg 1 83 65 105 105
0038_0123_0040_0030_0030.jpg 1 123 40 30 30
0039_0020_0013_0075_0075.jpg 1 20 13 75 75
0040_0019_0017_0062_0062.jpg 1 19 17 62 62
0041_0122_0082_0030_0030.jpg 1 122 82 30 30
0042_0017_0059_0084_0084.jpg 1 17 59 84 84
0043_0018_0038_0124_0124.jpg 1 18 38 124 124
0044_0039_0041_0129_0129.jpg 1 39 41 129 129
0045_0061_0079_0028_0028.jpg 1 61 79 28 28
0046_0039_0030_0122_0122.jpg 1 39 30 122 122
0047_0043_0039_0122_0122.jpg 1 43 39 122 122
0048_0055_0022_0099_0099.jpg 1 55 22 99 99
0049_0029_0025_0126_0126.jpg 1 29 25 126 126
0050_0036_0160_0103_0103.jpg 1 36 160 103 103
0001_0057_0128_0043_0043.jpg 1 57 128 43 43
0002_0083_0060_0106_0106.jpg 1 83 60 106 106
0003_0030_0036_0091_0091.jpg 1 30 36 91 91
0004_0057_0031_0106_0106.jpg 1 57 31 106 106
0005_0123_0052_0033_0033.jpg 1 123 52 33 33
0006_0107_0053_0107_0107.jpg 1 107 53 107 107
0007_0094_0056_0063_0063.jpg 1 94 56 63 63
0008_0104_0067_0095_0095.jpg 1 104 67 95 95
0009_0130_0082_0080_0080.jpg 1 130 82 80 80
0010_0093_0090_0040_0040.jpg 1 93 90 40 40
0011_0056_0027_0105_0105.jpg 1 56 27 105 105
0012_0023_0019_0128_0128.jpg 1 23 19 128 128
0013_0094_0028_0079_0079.jpg 1 94 28 79 79
0014_0027_0033_0062_0062.jpg 1 27 33 62 62
0015_0088_0039_0034_0034.jpg 1 88 39 34 34
0016_0041_0037_0047_0047.jpg 1 41 37 47 47
0017_0021_0030_0078_0078.jpg 1 21 30 78 78
0018_0015_0042_0118_0118.jpg 1 15 42 118 118
0019_0068_0058_0087_0087.jpg 1 68 58 87 87
0020_0074_0054_0058_0058.jpg 1 74 54 58 58
0021_0036_0065_0028_0028.jpg 1 36 65 28 28
0022_0139_0101_0033_0033.jpg 1 139 101 33 33
0023_0038_0087_0061_0061.jpg 1 38 87 61 61
0024_0059_0086_0031_0031.jpg 1 59 86 31 31
0025_0060_0044_0065_0065.jpg 1 60 44 65 65
0026_0099_0033_0081_0081.jpg 1 99 33 81 81
0027_0044_0041_0043_0043.jpg 1 44 41 43 43
0028_0045_0052_0039_0039.jpg 1 45 52 39 39
0029_0108_0004_0125_0125.jpg 1 108 4 125 125
0030_0116_0027_0056_0056.jpg 1 116 27 56 56
0031_0036_0015_0111_0111.jpg 1 36 15 111 111
0032_0098_0055_0079_0079.jpg 1 98 55 79 79
0033_0095_0030_0089_0089.jpg 1 95 30 89 89
0034_0077_0081_0041_0041.jpg 1 77 81 41 41
0035_0144_0022_0033_0033.jpg 1 144 22 33 33
0036_0074_0053_0115_0115.jpg 1 74 53 115 115
0037_0182_0097_0030_0030.jpg 1 182 97 30 30
0038_0103_0022_0129_0129.jpg 1 103 22 129 129
0039_0046_0011_0129_0129.jpg 1 46 11 129 129
0040_0044_0079_0075_0075.jpg 1 44 79 75 75
0041_0063_0006_0116_0116.jpg 1 63 6 116 116
0042_0067_0047_0029_0029.jpg 1 67 47 29 29
0043_0106_0016_0112_0112.jpg 1 106 16 112 112
0044_0088_0024_0128_0128.jpg 1 88 24 128 128
0045_0065_0041_0076_0076.jpg 1 65 41 76 76
0046_0168_0091_0057_0057.jpg 1 168 91 57 57
0047_0128_0069_0107_0107.jpg 1 128 69 107 107
0048_0121_0029_0068_0068.jpg 1 121 29 68 68
0049_0054_0029_0102_0102.jpg 1 54 29 102 102
0050_0063_0020_0051_0051.jpg 1 63 20 51 51
