0001_0049_0064_0067_0067.jpg 1 49 64 67 67
0002_0105_0028_0118_0118.jpg 1 105 28 118 118
0003_0101_0090_0035_0035.jpg 1 101 90 35 35
0004_0066_0031_0099_0099.jpg 1 66 31 99 99
0005_0059_0174_0072_0072.jpg 1 59 174 72 72
0006_0132_0039_0027_0027.jpg 1 132 39 27 27
0007_0109_0048_0126_0126.jpg 1 109 48 126 126
0008_0059_0043_0110_0110.jpg 1 59 43 110 110
0009_0040_0084_0059_0059.jpg 1 40 84 59 59
0010_0131_0092_0073_0073.jpg 1 131 92 73 73
0011_0041_0089_0085_0085.jpg 1 41 89 85 85
0012_0072_0041_0113_0113.jpg 1 72 41 113 113
0013_0046_0027_0071_0071.jpg 1 46 27 71 71
0014_0030_0018_0061_0061.jpg 1 30 18 61 61
0015_0113_0007_0123_0123.jpg 1 113 7 123 123
0016_0060_0152_0029_0029.jpg 1 60 152 29 29
0017_0071_0047_0110_0110.jpg 1 71 47 110 110
0018_0024_0017_0129_0129.jpg 1 24 17 129 129
0019_0087_0096_0070_0070.jpg 1 87 96 70 70
0020_0036_0138_0024_0024.jpg 1 36 138 24 24
0021_0109_0048_0126_0126.jpg 1 109 48 126 126
0022_0101_0102_0052_0052.jpg 1 101 102 52 52
0023_0058_0068_0057_0057.jpg 1 58 68 57 57
0024_0050_0183_0045_0045.jpg 1 50 183 45 45
0025_0021_0027_0081_0081.jpg 1 21 27 81 81
0026_0027_0046_0093_0093.jpg 1 27 46 93 93
0027_0109_0109_0064_0064.jpg 1 109 109 64 64
0028_0133_0091_0034_0034.jpg 1 133 91 34 34
0029_0030_0134_0025_0025.jpg 1 30 134 25 25
0030_0097_0077_0100_0100.jpg 1 97 77 100 100
0031_0093_0048_0110_0110.jpg 1 93 48 110 110
0032_0046_0034_0063_0063.jpg 1 46 34 63 63
0033_0096_0039_0124_0124.jpg 1 96 39 124 124
0034_0133_0115_0053_0053.jpg 1 133 115 53 53
0035_0032_0061_0050_0050.jpg 1 32 61 50 50
0036_0101_0019_0127_0127.jpg 1 101 19 127 127
0037_0105_0046_0120_0120.jpg 1 105 46 120 120
0038_0089_0038_0123_0123.jpg 1 89 38 123 123
0039_0060_0043_0026_0026.jpg 1 60 43 26 26
0040_0053_0118_0095_0095.jpg 1 53 118 95 95
0041_0080_0030_0099_0099.jpg 1 80 30 99 99
0042_0018_0044_0129_0129.jpg 1 18 44 129 129
0043_0026_0055_0077_0077.jpg 1 26 55 77 77
0044_0122_0034_0099_0099.jpg 1 122 34 99 99
0045_0132_0069_0052_0052.jpg 1 132 69 52 52
0046_0139_0100_0031_0031.jpg 1 139 100 31 31
0047_0114_0072_0024_0024.jpg 1 114 72 24 24
0048_0138_0113_0053_0053.jpg 1 138 113 53 53
0049_0063_0047_0112_0112.jpg 1 63 47 112 112
0050_0093_0014_0093_0093.jpg 1 93 14 93 93
