0001_0057_0128_0043_0043.jpg 1 57 128 43 43
0002_0083_0060_0106_0106.jpg 1 83 60 106 106
0003_0030_0036_0091_0091.jpg 1 30 36 91 91
0004_0057_0031_0106_0106.jpg 1 57 31 106 106
0005_0123_0052_0033_0033.jpg 1 123 52 33 33
0006_0107_0053_0107_0107.jpg 1 107 53 107 107
0007_0094_0056_0063_0063.jpg 1 94 56 63 63
0008_0104_0067_0095_0095.jpg 1 104 67 95 95
0009_0130_0082_0080_0080.jpg 1 130 82 80 80
0010_0093_0090_0040_0040.jpg 1 93 90 40 40
0011_0056_0027_0105_0105.jpg 1 56 27 105 105
0012_0023_0019_0128_0128.jpg 1 23 19 128 128
0013_0094_0028_0079_0079.jpg 1 94 28 79 79
0014_0027_0033_0062_0062.jpg 1 27 33 62 62
0015_0088_0039_0034_0034.jpg 1 88 39 34 34
0016_0041_0037_0047_0047.jpg 1 41 37 47 47
0017_0021_0030_0078_0078.jpg 1 21 30 78 78
0018_0015_0042_0118_0118.jpg 1 15 42 118 118
0019_0068_0058_0087_0087.jpg 1 68 58 87 87
0020_0074_0054_0058_0058.jpg 1 74 54 58 58
0021_0036_0065_0028_0028.jpg 1 36 65 28 28
0022_0139_0101_0033_0033.jpg 1 139 101 33 33
0023_0038_0087_0061_0061.jpg 1 38 87 61 61
0024_0059_0086_0031_0031.jpg 1 59 86 31 31
0025_0060_0044_0065_0065.jpg 1 60 44 65 65
0026_0099_0033_0081_0081.jpg 1 99 33 81 81
0027_0044_0041_0043_0043.jpg 1 44 41 43 43
0028_0045_0052_0039_0039.jpg 1 45 52 39 39
0029_0108_0004_0125_0125.jpg 1 108 4 125 125
0030_0116_0027_0056_0056.jpg 1 116 27 56 56
0031_0036_0015_0111_0111.jpg 1 36 15 111 111
0032_0098_0055_0079_0079.jpg 1 98 55 79 79
0033_0095_0030_0089_0089.jpg 1 95 30 89 89
0034_0077_0081_0041_0041.jpg 1 77 81 41 41
0035_0144_0022_0033_0033.jpg 1 144 22 33 33
0036_0074_0053_0115_0115.jpg 1 74 53 115 115
0037_0182_0097_0030_0030.jpg 1 182 97 30 30
0038_0103_0022_0129_0129.jpg 1 103 22 129 129
0039_0046_0011_0129_0129.jpg 1 46 11 129 129
0040_0044_0079_0075_0075.jpg 1 44 79 75 75
0041_0063_0006_0116_0116.jpg 1 63 6 116 116
0042_0067_0047_0029_0029.jpg 1 67 47 29 29
0043_0106_0016_0112_0112.jpg 1 106 16 112 112
0044_0088_0024_0128_0128.jpg 1 88 24 128 128
0045_0065_0041_0076_0076.jpg 1 65 41 76 76
0046_0168_0091_0057_0057.jpg 1 168 91 57 57
0047_0128_0069_0107_0107.jpg 1 128 69 107 107
0048_0121_0029_0068_0068.jpg 1 121 29 68 68
0049_0054_0029_0102_0102.jpg 1 54 29 102 102
0050_0063_0020_0051_0051.jpg 1 63 20 51 51
