0001_0101_0031_0125_0125.jpg 1 101 31 125 125
0002_0103_0096_0046_0046.jpg 1 103 96 46 46
0003_0097_0081_0075_0075.jpg 1 97 81 75 75
0004_0056_0019_0110_0110.jpg 1 56 19 110 110
0005_0016_0045_0117_0117.jpg 1 16 45 117 117
0006_0106_0022_0035_0035.jpg 1 106 22 35 35
0007_0069_0052_0076_0076.jpg 1 69 52 76 76
0008_0162_0081_0060_0060.jpg 1 162 81 60 60
0009_0034_0050_0119_0119.jpg 1 34 50 119 119
0010_0029_0141_0122_0122.jpg 1 29 141 122 122
0011_0018_0087_0083_0083.jpg 1 18 87 83 83
0012_0140_0075_0065_0065.jpg 1 140 75 65 65
0013_0139_0069_0071_0071.jpg 1 139 69 71 71
0014_0134_0065_0032_0032.jpg 1 134 65 32 32
0015_0092_0035_0085_0085.jpg 1 92 35 85 85
0016_0144_0063_0080_0080.jpg 1 144 63 80 80
0017_0067_0210_0029_0029.jpg 1 67 210 29 29
0018_0168_0083_0041_0041.jpg 1 168 83 41 41
0019_0075_0028_0127_0127.jpg 1 75 28 127 127
0020_0061_0042_0078_0078.jpg 1 61 42 78 78
0021_0056_0045_0114_0114.jpg 1 56 45 114 114
0022_0120_0046_0036_0036.jpg 1 120 46 36 36
0023_0046_0011_0089_0089.jpg 1 46 11 89 89
0024_0110_0075_0040_0040.jpg 1 110 75 40 40
0025_0087_0100_0028_0028.jpg 1 87 100 28 28
0026_0080_0052_0075_0075.jpg 1 80 52 75 75
0027_0085_0056_0065_0065.jpg 1 85 56 65 65
0028_0108_0030_0084_0084.jpg 1 108 30 84 84
0029_0109_0053_0120_0120.jpg 1 109 53 120 120
0030_0048_0027_0069_0069.jpg 1 48 27 69 69
0031_0094_0044_0032_0032.jpg 1 94 44 32 32
0032_0077_0161_0065_0065.jpg 1 77 161 65 65
0033_0199_0021_0024_0024.jpg 1 199 21 24 24
0034_0158_0115_0028_0028.jpg 1 158 115 28 28
0035_0040_0063_0064_0064.jpg 1 40 63 64 64
0036_0162_0069_0051_0051.jpg 1 162 69 51 51
0037_0035_0053_0115_0115.jpg 1 35 53 115 115
0038_0109_0066_0053_0053.jpg 1 109 66 53 53
0039_0064_0058_0088_0088.jpg 1 64 58 88 88
0040_0105_0073_0046_0046.jpg 1 105 73 46 46
0041_0041_0017_0109_0109.jpg 1 41 17 109 109
0042_0023_0061_0091_0091.jpg 1 23 61 91 91
0043_0092_0048_0126_0126.jpg 1 92 48 126 126
0044_0071_0026_0122_0122.jpg 1 71 26 122 122
0045_0013_0153_0057_0057.jpg 1 13 153 57 57
0046_0081_0095_0031_0031.jpg 1 81 95 31 31
0047_0134_0041_0048_0048.jpg 1 134 41 48 48
0048_0052_0107_0027_0027.jpg 1 52 107 27 27
0049_0056_0024_0059_0059.jpg 1 56 24 59 59
0050_0110_0063_0108_0108.jpg 1 110 63 108 108
