0001_0041_0021_0109_0109.jpg 1 41 21 109 109
0002_0092_0083_0034_0034.jpg 1 92 83 34 34
0003_0045_0036_0112_0112.jpg 1 45 36 112 112
0004_0063_0081_0095_0095.jpg 1 63 81 95 95
0005_0016_0072_0106_0106.jpg 1 16 72 106 106
0006_0136_0060_0083_0083.jpg 1 136 60 83 83
0007_0153_0026_0061_0061.jpg 1 153 26 61 61
0008_0037_0033_0080_0080.jpg 1 37 33 80 80
0009_0034_0086_0044_0044.jpg 1 34 86 44 44
0010_0150_0129_0028_0028.jpg 1 150 129 28 28
0011_0021_0073_0037_0037.jpg 1 21 73 37 37
0012_0022_0022_0086_0086.jpg 1 22 22 86 86
0013_0040_0047_0118_0118.jpg 1 40 47 118 118
0014_0092_0058_0078_0078.jpg 1 92 58 78 78
0015_0084_0019_0101_0101.jpg 1 84 19 101 101
0016_0129_0020_0081_0081.jpg 1 129 20 81 81
0017_0071_0024_0056_0056.jpg 1 71 24 56 56
0018_0130_0074_0046_0046.jpg 1 130 74 46 46
0019_0068_0052_0117_0117.jpg 1 68 52 117 117
0020_0032_0010_0124_0124.jpg 1 32 10 124 124
0021_0054_0043_0033_0033.jpg 1 54 43 33 33
0022_0133_0081_0071_0071.jpg 1 133 81 71 71
0023_0141_0085_0068_0068.jpg 1 141 85 68 68
0024_0014_0144_0126_0126.jpg 1 14 144 126 126
0025_0017_0069_0097_0097.jpg 1 17 69 97 97
0026_0034_0033_0024_0024.jpg 1 34 33 24 24
0027_0181_0099_0028_0028.jpg 1 181 99 28 28
0028_0037_0042_0076_0076.jpg 1 37 42 76 76
0029_0051_0088_0055_0055.jpg 1 51 88 55 55
0030_0115_0023_0086_0086.jpg 1 115 23 86 86
0031_0063_0044_0097_0097.jpg 1 63 44 97 97
0032_0156_0040_0054_0054.jpg 1 156 40 54 54
0033_0125_0018_0055_0055.jpg 1 125 18 55 55
0034_0060_0051_0026_0026.jpg 1 60 51 26 26
0035_0150_0110_0037_0037.jpg 1 150 110 37 37
0036_0025_0012_0114_0114.jpg 1 25 12 114 114
0037_0115_0052_0104_0104.jpg 1 115 52 104 104
0038_0104_0045_0082_0082.jpg 1 104 45 82 82
0039_0051_0075_0053_0053.jpg 1 51 75 53 53
0040_0052_0016_0110_0110.jpg 1 52 16 110 110
0041_0134_0043_0075_0075.jpg 1 134 43 75 75
0042_0111_0013_0107_0107.jpg 1 111 13 107 107
0043_0156_0089_0059_0059.jpg 1 156 89 59 59
0044_0104_0083_0085_0085.jpg 1 104 83 85 85
0045_0151_0084_0069_0069.jpg 1 151 84 69 69
0046_0115_0056_0104_0104.jpg 1 115 56 104 104
0047_0124_0067_0065_0065.jpg 1 124 67 65 65
0048_0104_0104_0062_0062.jpg 1 104 104 62 62
0049_0084_0118_0048_0048.jpg 1 84 118 48 48
0050_0140_0036_0066_0066.jpg 1 140 36 66 66
