0001_0037_0021_0053_0053.jpg 1 37 21 53 53
0002_0031_0061_0050_0050.jpg 1 31 61 50 50
0003_0096_0029_0062_0062.jpg 1 96 29 62 62
0004_0065_0044_0073_0073.jpg 1 65 44 73 73
0005_0040_0017_0046_0046.jpg 1 40 17 46 46
0006_0095_0057_0106_0106.jpg 1 95 57 106 106
0007_0029_0010_0103_0103.jpg 1 29 10 103 103
0008_0062_0055_0078_0078.jpg 1 62 55 78 78
0009_0023_0025_0079_0079.jpg 1 23 25 79 79
0010_0115_0063_0072_0072.jpg 1 115 63 72 72
0011_0082_0076_0068_0068.jpg 1 82 76 68 68
0012_0045_0039_0121_0121.jpg 1 45 39 121 121
0013_0058_0045_0055_0055.jpg 1 58 45 55 55
0014_0072_0068_0099_0099.jpg 1 72 68 99 99
0015_0093_0022_0127_0127.jpg 1 93 22 127 127
0016_0090_0065_0097_0097.jpg 1 90 65 97 97
0017_0034_0013_0089_0089.jpg 1 34 13 89 89
0018_0024_0019_0122_0122.jpg 1 24 19 122 122
0019_0044_0065_0060_0060.jpg 1 44 65 60 60
0020_0040_0013_0120_0120.jpg 1 40 13 120 120
0021_0142_0092_0062_0062.jpg 1 142 92 62 62
0022_0102_0056_0043_0043.jpg 1 102 56 43 43
0023_0095_0057_0067_0067.jpg 1 95 57 67 67
0024_0095_0030_0083_0083.jpg 1 95 30 83 83
0025_0094_0081_0062_0062.jpg 1 94 81 62 62
0026_0048_0068_0052_0052.jpg 1 48 68 52 52
0027_0070_0058_0063_0063.jpg 1 70 58 63 63
0028_0101_0044_0102_0102.jpg 1 101 44 102 102
0029_0107_0047_0121_0121.jpg 1 107 47 121 121
0030_0152_0072_0053_0053.jpg 1 152 72 53 53
0031_0063_0103_0037_0037.jpg 1 63 103 37 37
0032_0130_0114_0037_0037.jpg 1 130 114 37 37
0033_0047_0084_0049_0049.jpg 1 47 84 49 49
0034_0065_0038_0051_0051.jpg 1 65 38 51 51
0035_0097_0021_0039_0039.jpg 1 97 21 39 39
0036_0074_0031_0049_0049.jpg 1 74 31 49 49
0037_0015_0048_0092_0092.jpg 1 15 48 92 92
0038_0091_0015_0108_0108.jpg 1 91 15 108 108
0039_0061_0091_0038_0038.jpg 1 61 91 38 38
0040_0111_0066_0035_0035.jpg 1 111 66 35 35
0041_0037_0013_0091_0091.jpg 1 37 13 91 91
0042_0176_0095_0041_0041.jpg 1 176 95 41 41
0043_0046_0050_0070_0070.jpg 1 46 50 70 70
0044_0052_0041_0097_0097.jpg 1 52 41 97 97
0045_0023_0041_0110_0110.jpg 1 23 41 110 110
0046_0023_0105_0028_0028.jpg 1 23 105 28 28
0047_0109_0019_0119_0119.jpg 1 109 19 119 119
0048_0199_0037_0027_0027.jpg 1 199 37 27 27
0049_0026_0085_0085_0085.jpg 1 26 85 85 85
0050_0138_0045_0082_0082.jpg 1 138 45 82 82
