0001_0050_0047_0080_0080.jpg 1 50 47 80 80
0002_0115_0022_0082_0082.jpg 1 115 22 82 82
0003_0077_0082_0035_0035.jpg 1 77 82 35 35
0004_0092_0058_0086_0086.jpg 1 92 58 86 86
0005_0139_0056_0072_0072.jpg 1 139 56 72 72
0006_0054_0015_0043_0043.jpg 1 54 15 43 43
0007_0058_0049_0057_0057.jpg 1 58 49 57 57
0008_0094_0056_0067_0067.jpg 1 94 56 67 67
0009_0117_0045_0098_0098.jpg 1 117 45 98 98
0010_0153_0022_0062_0062.jpg 1 153 22 62 62
0011_0086_0058_0054_0054.jpg 1 86 58 54 54
0012_0196_0119_0029_0029.jpg 1 196 119 29 29
0013_0108_0016_0092_0092.jpg 1 108 16 92 92
0014_0070_0054_0061_0061.jpg 1 70 54 61 61
0015_0094_0009_0110_0110.jpg 1 94 9 110 110
0016_0127_0119_0037_0037.jpg 1 127 119 37 37
0017_0048_0051_0110_0110.jpg 1 48 51 110 110
0018_0066_0049_0085_0085.jpg 1 66 49 85 85
0019_0119_0034_0106_0106.jpg 1 119 34 106 106
0020_0045_0080_0083_0083.jpg 1 45 80 83 83
0021_0026_0031_0046_0046.jpg 1 26 31 46 46
0022_0131_0030_0029_0029.jpg 1 131 30 29 29
0023_0036_0036_0053_0053.jpg 1 36 36 53 53
0024_0016_0034_0111_0111.jpg 1 16 34 111 111
0025_0040_0086_0049_0049.jpg 1 40 86 49 49
0026_0031_0017_0069_0069.jpg 1 31 17 69 69
0027_0038_0052_0100_0100.jpg 1 38 52 100 100
0028_0083_0105_0035_0035.jpg 1 83 105 35 35
0029_0069_0099_0048_0048.jpg 1 69 99 48 48
0030_0179_0060_0040_0040.jpg 1 179 60 40 40
0031_0026_0110_0047_0047.jpg 1 26 110 47 47
0032_0069_0092_0024_0024.jpg 1 69 92 24 24
0033_0059_0048_0052_0052.jpg 1 59 48 52 52
0034_0113_0056_0085_0085.jpg 1 113 56 85 85
0035_0043_0038_0101_0101.jpg 1 43 38 101 101
0036_0069_0027_0111_0111.jpg 1 69 27 111 111
0037_0027_0079_0047_0047.jpg 1 27 79 47 47
0038_0068_0081_0089_0089.jpg 1 68 81 89 89
0039_0105_0039_0057_0057.jpg 1 105 39 57 57
0040_0099_0090_0049_0049.jpg 1 99 90 49 49
0041_0048_0114_0031_0031.jpg 1 48 114 31 31
0042_0033_0058_0076_0076.jpg 1 33 58 76 76
0043_0147_0026_0075_0075.jpg 1 147 26 75 75
0044_0168_0054_0050_0050.jpg 1 168 54 50 50
0045_0049_0035_0111_0111.jpg 1 49 35 111 111
0046_0127_0081_0078_0078.jpg 1 127 81 78 78
0047_0043_0085_0080_0080.jpg 1 43 85 80 80
0048_0147_0069_0067_0067.jpg 1 147 69 67 67
0049_0122_0033_0069_0069.jpg 1 122 33 69 69
0050_0032_0052_0039_0039.jpg 1 32 52 39 39
