0001_0070_0030_0104_0104.jpg 1 70 30 104 104
0002_0070_0046_0105_0105.jpg 1 70 46 105 105
0003_0099_0019_0102_0102.jpg 1 99 19 102 102
0004_0131_0036_0031_0031.jpg 1 131 36 31 31
0005_0048_0045_0117_0117.jpg 1 48 45 117 117
0006_0077_0021_0101_0101.jpg 1 77 21 101 101
0007_0068_0009_0117_0117.jpg 1 68 9 117 117
0008_0159_0076_0065_0065.jpg 1 159 76 65 65
0009_0069_0044_0110_0110.jpg 1 69 44 110 110
0010_0077_0139_0030_0030.jpg 1 77 139 30 30
0011_0087_0041_0072_0072.jpg 1 87 41 72 72
0012_0090_0035_0092_0092.jpg 1 90 35 92 92
0013_0139_0042_0061_0061.jpg 1 139 42 61 61
0014_0071_0040_0104_0104.jpg 1 71 40 104 104
0015_0025_0168_0095_0095.jpg 1 25 168 95 95
0016_0153_0077_0048_0048.jpg 1 153 77 48 48
0017_0187_0027_0037_0037.jpg 1 187 27 37 37
0018_0157_0024_0031_0031.jpg 1 157 24 31 31
0019_0074_0025_0100_0100.jpg 1 74 25 100 100
0020_0112_0091_0066_0066.jpg 1 112 91 66 66
0021_0066_0051_0123_0123.jpg 1 66 51 123 123
0022_0090_0064_0053_0053.jpg 1 90 64 53 53
0023_0109_0022_0026_0026.jpg 1 109 22 26 26
0024_0067_0095_0074_0074.jpg 1 67 95 74 74
0025_0177_0078_0038_0038.jpg 1 177 78 38 38
0026_0071_0010_0105_0105.jpg 1 71 10 105 105
0027_0042_0044_0066_0066.jpg 1 42 44 66 66
0028_0051_0045_0081_0081.jpg 1 51 45 81 81
0029_0059_0026_0123_0123.jpg 1 59 26 123 123
0030_0086_0062_0107_0107.jpg 1 86 62 107 107
0031_0068_0061_0103_0103.jpg 1 68 61 103 103
0032_0116_0031_0070_0070.jpg 1 116 31 70 70
0033_0045_0065_0100_0100.jpg 1 45 65 100 100
0034_0062_0045_0074_0074.jpg 1 62 45 74 74
0035_0103_0050_0091_0091.jpg 1 103 50 91 91
0036_0124_0033_0099_0099.jpg 1 124 33 99 99
0037_0145_0017_0078_0078.jpg 1 145 17 78 78
0038_0159_0024_0044_0044.jpg 1 159 24 44 44
0039_0095_0056_0076_0076.jpg 1 95 56 76 76
0040_0108_0026_0122_0122.jpg 1 108 26 122 122
0041_0025_0080_0118_0118.jpg 1 25 80 118 118
0042_0063_0011_0082_0082.jpg 1 63 11 82 82
0043_0078_0017_0094_0094.jpg 1 78 17 94 94
0044_0135_0022_0080_0080.jpg 1 135 22 80 80
0045_0155_0068_0066_0066.jpg 1 155 68 66 66
0046_0022_0026_0081_0081.jpg 1 22 26 81 81
0047_0119_0013_0090_0090.jpg 1 119 13 90 90
0048_0032_0116_0111_0111.jpg 1 32 116 111 111
0049_0109_0034_0104_0104.jpg 1 109 34 104 104
0050_0167_0088_0039_0039.jpg 1 167 88 39 39
