0001_0056_0172_0095_0095.jpg 1 56 172 95 95
0002_0084_0024_0109_0109.jpg 1 84 24 109 109
0003_0053_0080_0081_0081.jpg 1 53 80 81 81
0004_0045_0141_0053_0053.jpg 1 45 141 53 53
0005_0099_0029_0097_0097.jpg 1 99 29 97 97
0006_0023_0095_0044_0044.jpg 1 23 95 44 44
0007_0078_0091_0068_0068.jpg 1 78 91 68 68
0008_0051_0041_0113_0113.jpg 1 51 41 113 113
0009_0036_0087_0049_0049.jpg 1 36 87 49 49
0010_0096_0035_0100_0100.jpg 1 96 35 100 100
0011_0074_0114_0040_0040.jpg 1 74 114 40 40
0012_0084_0027_0069_0069.jpg 1 84 27 69 69
0013_0092_0112_0056_0056.jpg 1 92 112 56 56
0014_0086_0012_0074_0074.jpg 1 86 12 74 74
0015_0126_0038_0076_0076.jpg 1 126 38 76 76
0016_0050_0062_0036_0036.jpg 1 50 62 36 36
0017_0141_0059_0091_0091.jpg 1 141 59 91 91
0018_0086_0054_0038_0038.jpg 1 86 54 38 38
0019_0056_0030_0084_0084.jpg 1 56 30 84 84
0020_0122_0022_0093_0093.jpg 1 122 22 93 93
0021_0090_0064_0097_0097.jpg 1 90 64 97 97
0022_0035_0093_0075_0075.jpg 1 35 93 75 75
0023_0026_0010_0093_0093.jpg 1 26 10 93 93
0024_0123_0076_0077_0077.jpg 1 123 76 77 77
0025_0094_0049_0042_0042.jpg 1 94 49 42 42
0026_0163_0022_0068_0068.jpg 1 163 22 68 68
0027_0075_0041_0084_0084.jpg 1 75 41 84 84
0028_0114_0039_0044_0044.jpg 1 114 39 44 44
0029_0114_0036_0082_0082.jpg 1 114 36 82 82
0030_0027_0041_0111_0111.jpg 1 27 41 111 111
0031_0102_0011_0085_0085.jpg 1 102 11 85 85
0032_0013_0051_0086_0086.jpg 1 13 51 86 86
0033_0087_0138_0024_0024.jpg 1 87 138 24 24
0034_0050_0017_0113_0113.jpg 1 50 17 113 113
0035_0138_0109_0060_0060.jpg 1 138 109 60 60
0036_0140_0092_0035_0035.jpg 1 140 92 35 35
0037_0107_0046_0045_0045.jpg 1 107 46 45 45
0038_0042_0049_0098_0098.jpg 1 42 49 98 98
0039_0147_0080_0055_0055.jpg 1 147 80 55 55
0040_0011_0134_0109_0109.jpg 1 11 134 109 109
0041_0107_0015_0069_0069.jpg 1 107 15 69 69
0042_0098_0064_0056_0056.jpg 1 98 64 56 56
0043_0017_0033_0074_0074.jpg 1 17 33 74 74
0044_0190_0023_0028_0028.jpg 1 190 23 28 28
0045_0126_0027_0060_0060.jpg 1 126 27 60 60
0046_0046_0064_0094_0094.jpg 1 46 64 94 94
0047_0027_0117_0050_0050.jpg 1 27 117 50 50
0048_0153_0018_0024_0024.jpg 1 153 18 24 24
0049_0132_0088_0072_0072.jpg 1 132 88 72 72
0050_0103_0019_0116_0116.jpg 1 103 19 116 116
