0001_0028_0046_0130_0130.jpg 1 28 46 130 130
0002_0048_0088_0074_0074.jpg 1 48 88 74 74
0003_0037_0035_0106_0106.jpg 1 37 35 106 106
0004_0078_0097_0054_0054.jpg 1 78 97 54 54
0005_0087_0090_0081_0081.jpg 1 87 90 81 81
0006_0099_0026_0127_0127.jpg 1 99 26 127 127
0007_0053_0070_0077_0077.jpg 1 53 70 77 77
0008_0108_0123_0033_0033.jpg 1 108 123 33 33
0009_0061_0073_0075_0075.jpg 1 61 73 75 75
0010_0048_0037_0040_0040.jpg 1 48 37 40 40
0011_0051_0097_0071_0071.jpg 1 51 97 71 71
0012_0138_0036_0078_0078.jpg 1 138 36 78 78
0013_0032_0033_0099_0099.jpg 1 32 33 99 99
0014_0086_0038_0059_0059.jpg 1 86 38 59 59
0015_0030_0022_0070_0070.jpg 1 30 22 70 70
0016_0094_0034_0086_0086.jpg 1 94 34 86 86
0017_0024_0006_0115_0115.jpg 1 24 6 115 115
0018_0112_0030_0102_0102.jpg 1 112 30 102 102
0019_0024_0033_0109_0109.jpg 1 24 33 109 109
0020_0039_0066_0083_0083.jpg 1 39 66 83 83
0021_0078_0079_0038_0038.jpg 1 78 79 38 38
0022_0056_0035_0120_0120.jpg 1 56 35 120 120
0023_0093_0076_0085_0085.jpg 1 93 76 85 85
0024_0157_0064_0030_0030.jpg 1 157 64 30 30
0025_0058_0121_0044_0044.jpg 1 58 121 44 44
0026_0130_0041_0099_0099.jpg 1 130 41 99 99
0027_0133_0042_0070_0070.jpg 1 133 42 70 70
0028_0044_0125_0039_0039.jpg 1 44 125 39 39
0029_0030_0018_0064_0064.jpg 1 30 18 64 64
0030_0112_0014_0112_0112.jpg 1 112 14 112 112
0031_0121_0062_0080_0080.jpg 1 121 62 80 80
0032_0019_0039_0119_0119.jpg 1 19 39 119 119
0033_0086_0027_0107_0107.jpg 1 86 27 107 107
0034_0098_0045_0102_0102.jpg 1 98 45 102 102
0035_0046_0109_0050_0050.jpg 1 46 109 50 50
0036_0108_0070_0054_0054.jpg 1 108 70 54 54
0037_0041_0019_0035_0035.jpg 1 41 19 35 35
0038_0070_0180_0032_0032.jpg 1 70 180 32 32
0039_0082_0081_0083_0083.jpg 1 82 81 83 83
0040_0093_0011_0044_0044.jpg 1 93 11 44 44
0041_0077_0095_0056_0056.jpg 1 77 95 56 56
0042_0092_0026_0109_0109.jpg 1 92 26 109 109
0043_0126_0061_0051_0051.jpg 1 126 61 51 51
0044_0081_0115_0045_0045.jpg 1 81 115 45 45
0045_0045_0054_0119_0119.jpg 1 45 54 119 119
0046_0038_0073_0044_0044.jpg 1 38 73 44 44
0047_0133_0107_0032_0032.jpg 1 133 107 32 32
0048_0112_0065_0093_0093.jpg 1 112 65 93 93
0049_0057_0054_0066_0066.jpg 1 57 54 66 66
0050_0123_0110_0054_0054.jpg 1 123 110 54 54
