0001_0032_0039_0098_0098.jpg 1 32 39 98 98
0002_0105_0031_0092_0092.jpg 1 105 31 92 92
0003_0112_0128_0027_0027.jpg 1 112 128 27 27
0004_0050_0060_0065_0065.jpg 1 50 60 65 65
0005_0118_0022_0041_0041.jpg 1 118 22 41 41
0006_0049_0041_0109_0109.jpg 1 49 41 109 109
0007_0050_0121_0052_0052.jpg 1 50 121 52 52
0008_0077_0051_0083_0083.jpg 1 77 51 83 83
0009_0141_0043_0064_0064.jpg 1 141 43 64 64
0010_0016_0032_0114_0114.jpg 1 16 32 114 114
0011_0075_0028_0127_0127.jpg 1 75 28 127 127
0012_0101_0069_0098_0098.jpg 1 101 69 98 98
0013_0079_0060_0024_0024.jpg 1 79 60 24 24
0014_0122_0099_0056_0056.jpg 1 122 99 56 56
0015_0110_0033_0032_0032.jpg 1 110 33 32 32
0016_0078_0041_0042_0042.jpg 1 78 41 42 42
0017_0011_0073_0113_0113.jpg 1 11 73 113 113
0018_0144_0096_0024_0024.jpg 1 144 96 24 24
0019_0024_0087_0038_0038.jpg 1 24 87 38 38
0020_0026_0136_0028_0028.jpg 1 26 136 28 28
0021_0077_0070_0090_0090.jpg 1 77 70 90 90
0022_0079_0030_0129_0129.jpg 1 79 30 129 129
0023_0086_0046_0125_0125.jpg 1 86 46 125 125
0024_0094_0045_0094_0094.jpg 1 94 45 94 94
0025_0081_0032_0050_0050.jpg 1 81 32 50 50
0026_0034_0032_0110_0110.jpg 1 34 32 110 110
0027_0038_0085_0075_0075.jpg 1 38 85 75 75
0028_0094_0060_0112_0112.jpg 1 94 60 112 112
0029_0080_0014_0112_0112.jpg 1 80 14 112 112
0030_0179_0114_0036_0036.jpg 1 179 114 36 36
0031_0040_0021_0094_0094.jpg 1 40 21 94 94
0032_0028_0115_0056_0056.jpg 1 28 115 56 56
0033_0108_0077_0101_0101.jpg 1 108 77 101 101
0034_0148_0066_0056_0056.jpg 1 148 66 56 56
0035_0092_0020_0119_0119.jpg 1 92 20 119 119
0036_0144_0072_0088_0088.jpg 1 144 72 88 88
0037_0127_0069_0054_0054.jpg 1 127 69 54 54
0038_0085_0010_0128_0128.jpg 1 85 10 128 128
0039_0092_0010_0113_0113.jpg 1 92 10 113 113
0040_0050_0045_0106_0106.jpg 1 50 45 106 106
0041_0057_0081_0088_0088.jpg 1 57 81 88 88
0042_0099_0015_0048_0048.jpg 1 99 15 48 48
0043_0058_0052_0074_0074.jpg 1 58 52 74 74
0044_0083_0017_0128_0128.jpg 1 83 17 128 128
0045_0097_0012_0092_0092.jpg 1 97 12 92 92
0046_0039_0057_0109_0109.jpg 1 39 57 109 109
0047_0133_0073_0068_0068.jpg 1 133 73 68 68
0048_0162_0109_0050_0050.jpg 1 162 109 50 50
0049_0058_0056_0122_0122.jpg 1 58 56 122 122
0050_0085_0045_0123_0123.jpg 1 85 45 123 123
