0001_0131_0073_0029_0029.jpg 1 131 73 29 29
0002_0137_0007_0082_0082.jpg 1 137 7 82 82
0003_0125_0023_0083_0083.jpg 1 125 23 83 83
0004_0036_0035_0093_0093.jpg 1 36 35 93 93
0005_0022_0073_0089_0089.jpg 1 22 73 89 89
0006_0101_0068_0050_0050.jpg 1 101 68 50 50
0007_0047_0028_0060_0060.jpg 1 47 28 60 60
0008_0139_0069_0035_0035.jpg 1 139 69 35 35
0009_0024_0034_0068_0068.jpg 1 24 34 68 68
0010_0102_0142_0025_0025.jpg 1 102 142 25 25
0011_0060_0049_0072_0072.jpg 1 60 49 72 72
0012_0032_0071_0024_0024.jpg 1 32 71 24 24
0013_0165_0131_0038_0038.jpg 1 165 131 38 38
0014_0138_0059_0034_0034.jpg 1 138 59 34 34
0015_0075_0103_0034_0034.jpg 1 75 103 34 34
0016_0092_0012_0073_0073.jpg 1 92 12 73 73
0017_0180_0075_0026_0026.jpg 1 180 75 26 26
0018_0160_0066_0024_0024.jpg 1 160 66 24 24
0019_0045_0062_0034_0034.jpg 1 45 62 34 34
0020_0127_0099_0052_0052.jpg 1 127 99 52 52
0021_0061_0044_0094_0094.jpg 1 61 44 94 94
0022_0144_0091_0069_0069.jpg 1 144 91 69 69
0023_0150_0027_0076_0076.jpg 1 150 27 76 76
0024_0055_0120_0032_0032.jpg 1 55 120 32 32
0025_0072_0046_0026_0026.jpg 1 72 46 26 26
0026_0053_0032_0086_0086.jpg 1 53 32 86 86
0027_0126_0039_0088_0088.jpg 1 126 39 88 88
0028_0031_0020_0090_0090.jpg 1 31 20 90 90
0029_0154_0071_0026_0026.jpg 1 154 71 26 26
0030_0048_0055_0095_0095.jpg 1 48 55 95 95
0031_0174_0047_0024_0024.jpg 1 174 47 24 24
0032_0079_0051_0077_0077.jpg 1 79 51 77 77
0033_0041_0108_0062_0062.jpg 1 41 108 62 62
0034_0086_0013_0085_0085.jpg 1 86 13 85 85
0035_0052_0110_0043_0043.jpg 1 52 110 43 43
0036_0050_0039_0063_0063.jpg 1 50 39 63 63
0037_0116_0020_0048_0048.jpg 1 116 20 48 48
0038_0059_0025_0097_0097.jpg 1 59 25 97 97
0039_0117_0186_0025_0025.jpg 1 117 186 25 25
0040_0028_0064_0043_0043.jpg 1 28 64 43 43
0041_0046_0008_0075_0075.jpg 1 46 8 75 75
0042_0086_0030_0027_0027.jpg 1 86 30 27 27
0043_0128_0094_0047_0047.jpg 1 128 94 47 47
0044_0042_0032_0034_0034.jpg 1 42 32 34 34
0045_0123_0073_0046_0046.jpg 1 123 73 46 46
0046_0047_0079_0067_0067.jpg 1 47 79 67 67
0047_0027_0187_0053_0053.jpg 1 27 187 53 53
0048_0034_0041_0050_0050.jpg 1 34 41 50 50
0049_0095_0092_0026_0026.jpg 1 95 92 26 26
0050_0185_0086_0033_0033.jpg 1 185 86 33 33
