0001_0042_0101_0048_0048.jpg 1 42 101 48 48
0002_0074_0032_0073_0073.jpg 1 74 32 73 73
0003_0060_0014_0062_0062.jpg 1 60 14 62 62
0004_0131_0032_0094_0094.jpg 1 131 32 94 94
0005_0140_0056_0092_0092.jpg 1 140 56 92 92
0006_0051_0027_0108_0108.jpg 1 51 27 108 108
0007_0082_0116_0035_0035.jpg 1 82 116 35 35
0008_0074_0016_0129_0129.jpg 1 74 16 129 129
0009_0044_0051_0070_0070.jpg 1 44 51 70 70
0010_0097_0075_0045_0045.jpg 1 97 75 45 45
0011_0138_0030_0078_0078.jpg 1 138 30 78 78
0012_0095_0073_0081_0081.jpg 1 95 73 81 81
0013_0082_0022_0115_0115.jpg 1 82 22 115 115
0014_0031_0016_0108_0108.jpg 1 31 16 108 108
0015_0035_0056_0111_0111.jpg 1 35 56 111 111
0016_0115_0097_0055_0055.jpg 1 115 97 55 55
0017_0127_0102_0033_0033.jpg 1 127 102 33 33
0018_0031_0160_0066_0066.jpg 1 31 160 66 66
0019_0149_0096_0029_0029.jpg 1 149 96 29 29
0020_0033_0055_0114_0114.jpg 1 33 55 114 114
0021_0132_0060_0098_0098.jpg 1 132 60 98 98
0022_0085_0056_0099_0099.jpg 1 85 56 99 99
0023_0037_0011_0082_0082.jpg 1 37 11 82 82
0024_0027_0043_0096_0096.jpg 1 27 43 96 96
0025_0051_0063_0032_0032.jpg 1 51 63 32 32
0026_0053_0008_0082_0082.jpg 1 53 8 82 82
0027_0044_0068_0072_0072.jpg 1 44 68 72 72
0028_0027_0058_0112_0112.jpg 1 27 58 112 112
0029_0178_0044_0041_0041.jpg 1 178 44 41 41
0030_0125_0090_0034_0034.jpg 1 125 90 34 34
0031_0097_0029_0068_0068.jpg 1 97 29 68 68
0032_0021_0124_0077_0077.jpg 1 21 124 77 77
0033_0064_0038_0056_0056.jpg 1 64 38 56 56
0034_0108_0072_0103_0103.jpg 1 108 72 103 103
0035_0186_0016_0033_0033.jpg 1 186 16 33 33
0036_0086_0065_0109_0109.jpg 1 86 65 109 109
0037_0105_0012_0118_0118.jpg 1 105 12 118 118
0038_0085_0059_0114_0114.jpg 1 85 59 114 114
0039_0096_0040_0041_0041.jpg 1 96 40 41 41
0040_0058_0006_0126_0126.jpg 1 58 6 126 126
0041_0099_0008_0111_0111.jpg 1 99 8 111 111
0042_0060_0049_0084_0084.jpg 1 60 49 84 84
0043_0041_0038_0090_0090.jpg 1 41 38 90 90
0044_0072_0053_0127_0127.jpg 1 72 53 127 127
0045_0022_0070_0084_0084.jpg 1 22 70 84 84
0046_0133_0023_0092_0092.jpg 1 133 23 92 92
0047_0093_0075_0100_0100.jpg 1 93 75 100 100
0048_0063_0049_0106_0106.jpg 1 63 49 106 106
0049_0110_0057_0101_0101.jpg 1 110 57 101 101
0050_0096_0036_0038_0038.jpg 1 96 36 38 38
