0001_0047_0046_0100_0100.jpg 1 47 46 100 100
0002_0115_0075_0075_0075.jpg 1 115 75 75 75
0003_0066_0084_0077_0077.jpg 1 66 84 77 77
0004_0106_0083_0077_0077.jpg 1 106 83 77 77
0005_0127_0076_0040_0040.jpg 1 127 76 40 40
0006_0106_0088_0053_0053.jpg 1 106 88 53 53
0007_0045_0043_0100_0100.jpg 1 45 43 100 100
0008_0036_0037_0104_0104.jpg 1 36 37 104 104
0009_0157_0028_0041_0041.jpg 1 157 28 41 41
0010_0020_0017_0068_0068.jpg 1 20 17 68 68
0011_0136_0075_0063_0063.jpg 1 136 75 63 63
0012_0102_0077_0079_0079.jpg 1 102 77 79 79
0013_0010_0133_0113_0113.jpg 1 10 133 113 113
0014_0065_0035_0090_0090.jpg 1 65 35 90 90
0015_0192_0134_0030_0030.jpg 1 192 134 30 30
0016_0026_0018_0088_0088.jpg 1 26 18 88 88
0017_0092_0079_0091_0091.jpg 1 92 79 91 91
0018_0015_0029_0115_0115.jpg 1 15 29 115 115
0019_0146_0068_0085_0085.jpg 1 146 68 85 85
0020_0038_0027_0096_0096.jpg 1 38 27 96 96
0021_0104_0044_0102_0102.jpg 1 104 44 102 102
0022_0127_0032_0038_0038.jpg 1 127 32 38 38
0023_0184_0033_0037_0037.jpg 1 184 33 37 37
0024_0050_0041_0089_0089.jpg 1 50 41 89 89
0025_0043_0029_0069_0069.jpg 1 43 29 69 69
0026_0123_0053_0102_0102.jpg 1 123 53 102 102
0027_0057_0179_0099_0099.jpg 1 57 179 99 99
0028_0062_0019_0097_0097.jpg 1 62 19 97 97
0029_0062_0045_0051_0051.jpg 1 62 45 51 51
0030_0085_0082_0056_0056.jpg 1 85 82 56 56
0031_0095_0036_0072_0072.jpg 1 95 36 72 72
0032_0122_0074_0071_0071.jpg 1 122 74 71 71
0033_0083_0063_0101_0101.jpg 1 83 63 101 101
0034_0147_0102_0069_0069.jpg 1 147 102 69 69
0035_0019_0035_0060_0060.jpg 1 19 35 60 60
0036_0037_0085_0088_0088.jpg 1 37 85 88 88
0037_0043_0038_0112_0112.jpg 1 43 38 112 112
0038_0038_0013_0106_0106.jpg 1 38 13 106 106
0039_0038_0013_0091_0091.jpg 1 38 13 91 91
0040_0053_0053_0072_0072.jpg 1 53 53 72 72
0041_0047_0051_0101_0101.jpg 1 47 51 101 101
0042_0128_0043_0104_0104.jpg 1 128 43 104 104
0043_0070_0046_0048_0048.jpg 1 70 46 48 48
0044_0148_0079_0065_0065.jpg 1 148 79 65 65
0045_0122_0135_0026_0026.jpg 1 122 135 26 26
0046_0160_0112_0055_0055.jpg 1 160 112 55 55
0047_0098_0031_0090_0090.jpg 1 98 31 90 90
0048_0026_0059_0081_0081.jpg 1 26 59 81 81
0049_0181_0061_0047_0047.jpg 1 181 61 47 47
0050_0081_0053_0025_0025.jpg 1 81 53 25 25
