0001_0147_0017_0077_0077.jpg 1 147 17 77 77
0002_0024_0032_0089_0089.jpg 1 24 32 89 89
0003_0027_0028_0123_0123.jpg 1 27 28 123 123
0004_0165_0112_0026_0026.jpg 1 165 112 26 26
0005_0090_0007_0127_0127.jpg 1 90 7 127 127
0006_0057_0032_0097_0097.jpg 1 57 32 97 97
0007_0035_0076_0085_0085.jpg 1 35 76 85 85
0008_0025_0063_0059_0059.jpg 1 25 63 59 59
0009_0146_0066_0034_0034.jpg 1 146 66 34 34
0010_0175_0074_0051_0051.jpg 1 175 74 51 51
0011_0073_0049_0056_0056.jpg 1 73 49 56 56
0012_0034_0078_0098_0098.jpg 1 34 78 98 98
0013_0020_0150_0087_0087.jpg 1 20 150 87 87
0014_0034_0026_0027_0027.jpg 1 34 26 27 27
0015_0096_0026_0117_0117.jpg 1 96 26 117 117
0016_0038_0048_0122_0122.jpg 1 38 48 122 122
0017_0026_0045_0123_0123.jpg 1 26 45 123 123
0018_0018_0021_0073_0073.jpg 1 18 21 73 73
0019_0074_0087_0064_0064.jpg 1 74 87 64 64
0020_0063_0049_0093_0093.jpg 1 63 49 93 93
0021_0103_0049_0024_0024.jpg 1 103 49 24 24
0022_0103_0040_0032_0032.jpg 1 103 40 32 32
0023_0061_0078_0091_0091.jpg 1 61 78 91 91
0024_0024_0014_0110_0110.jpg 1 24 14 110 110
0025_0049_0069_0108_0108.jpg 1 49 69 108 108
0026_0016_0127_0130_0130.jpg 1 16 127 130 130
0027_0056_0066_0075_0075.jpg 1 56 66 75 75
0028_0090_0063_0037_0037.jpg 1 90 63 37 37
0029_0069_0036_0101_0101.jpg 1 69 36 101 101
0030_0068_0096_0073_0073.jpg 1 68 96 73 73
0031_0102_0041_0126_0126.jpg 1 102 41 126 126
0032_0173_0111_0051_0051.jpg 1 173 111 51 51
0033_0038_0077_0113_0113.jpg 1 38 77 113 113
0034_0122_0028_0083_0083.jpg 1 122 28 83 83
0035_0088_0030_0130_0130.jpg 1 88 30 130 130
0036_0151_0066_0074_0074.jpg 1 151 66 74 74
0037_0145_0015_0070_0070.jpg 1 145 15 70 70
0038_0152_0112_0051_0051.jpg 1 152 112 51 51
0039_0116_0060_0118_0118.jpg 1 116 60 118 118
0040_0102_0016_0104_0104.jpg 1 102 16 104 104
0041_0147_0042_0068_0068.jpg 1 147 42 68 68
0042_0015_0187_0073_0073.jpg 1 15 187 73 73
0043_0012_0169_0067_0067.jpg 1 12 169 67 67
0044_0114_0031_0072_0072.jpg 1 114 31 72 72
0045_0143_0028_0071_0071.jpg 1 143 28 71 71
0046_0082_0036_0104_0104.jpg 1 82 36 104 104
0047_0065_0110_0064_0064.jpg 1 65 110 64 64
0048_0107_0026_0029_0029.jpg 1 107 26 29 29
0049_0044_0021_0092_0092.jpg 1 44 21 92 92
0050_0168_0021_0059_0059.jpg 1 168 21 59 59
