0001_0035_0021_0080_0080.jpg 1 35 21 80 80
0002_0117_0034_0076_0076.jpg 1 117 34 76 76
0003_0158_0083_0039_0039.jpg 1 158 83 39 39
0004_0030_0040_0092_0092.jpg 1 30 40 92 92
0005_0138_0022_0061_0061.jpg 1 138 22 61 61
0006_0073_0012_0116_0116.jpg 1 73 12 116 116
0007_0031_0142_0025_0025.jpg 1 31 142 25 25
0008_0090_0049_0106_0106.jpg 1 90 49 106 106
0009_0104_0064_0109_0109.jpg 1 104 64 109 109
0010_0117_0025_0032_0032.jpg 1 117 25 32 32
0011_0020_0041_0077_0077.jpg 1 20 41 77 77
0012_0037_0092_0063_0063.jpg 1 37 92 63 63
0013_0118_0064_0111_0111.jpg 1 118 64 111 111
0014_0112_0070_0060_0060.jpg 1 112 70 60 60
0015_0078_0079_0047_0047.jpg 1 78 79 47 47
0016_0139_0017_0050_0050.jpg 1 139 17 50 50
0017_0086_0025_0104_0104.jpg 1 86 25 104 104
0018_0089_0034_0077_0077.jpg 1 89 34 77 77
0019_0064_0056_0083_0083.jpg 1 64 56 83 83
0020_0122_0110_0053_0053.jpg 1 122 110 53 53
0021_0120_0118_0031_0031.jpg 1 120 118 31 31
0022_0166_0042_0035_0035.jpg 1 166 42 35 35
0023_0024_0054_0101_0101.jpg 1 24 54 101 101
0024_0090_0012_0060_0060.jpg 1 90 12 60 60
0025_0087_0027_0071_0071.jpg 1 87 27 71 71
0026_0107_0029_0064_0064.jpg 1 107 29 64 64
0027_0035_0039_0127_0127.jpg 1 35 39 127 127
0028_0033_0022_0114_0114.jpg 1 33 22 114 114
0029_0178_0020_0045_0045.jpg 1 178 20 45 45
0030_0033_0011_0113_0113.jpg 1 33 11 113 113
0031_0121_0074_0046_0046.jpg 1 121 74 46 46
0032_0141_0068_0045_0045.jpg 1 141 68 45 45
0033_0034_0033_0125_0125.jpg 1 34 33 125 125
0034_0033_0129_0108_0108.jpg 1 33 129 108 108
0035_0153_0110_0054_0054.jpg 1 153 110 54 54
0036_0122_0013_0069_0069.jpg 1 122 13 69 69
0037_0090_0039_0107_0107.jpg 1 90 39 107 107
0038_0116_0113_0035_0035.jpg 1 116 113 35 35
0039_0037_0055_0052_0052.jpg 1 37 55 52 52
0040_0092_0056_0118_0118.jpg 1 92 56 118 118
0041_0024_0018_0108_0108.jpg 1 24 18 108 108
0042_0083_0041_0079_0079.jpg 1 83 41 79 79
0043_0042_0052_0126_0126.jpg 1 42 52 126 126
0044_0034_0054_0059_0059.jpg 1 34 54 59 59
0045_0134_0066_0066_0066.jpg 1 134 66 66 66
0046_0112_0057_0090_0090.jpg 1 112 57 90 90
0047_0038_0009_0073_0073.jpg 1 38 9 73 73
0048_0073_0031_0108_0108.jpg 1 73 31 108 108
0049_0088_0041_0116_0116.jpg 1 88 41 116 116
0050_0139_0072_0089_0089.jpg 1 139 72 89 89
