0001_0113_0067_0096_0096.jpg 1 113 67 96 96
0002_0083_0054_0045_0045.jpg 1 83 54 45 45
0003_0065_0030_0130_0130.jpg 1 65 30 130 130
0004_0078_0023_0056_0056.jpg 1 78 23 56 56
0005_0125_0046_0095_0095.jpg 1 125 46 95 95
0006_0101_0012_0094_0094.jpg 1 101 12 94 94
0007_0019_0075_0065_0065.jpg 1 19 75 65 65
0008_0126_0090_0072_0072.jpg 1 126 90 72 72
0009_0084_0100_0059_0059.jpg 1 84 100 59 59
0010_0105_0026_0129_0129.jpg 1 105 26 129 129
0011_0077_0024_0098_0098.jpg 1 77 24 98 98
0012_0199_0067_0027_0027.jpg 1 199 67 27 27
0013_0061_0011_0117_0117.jpg 1 61 11 117 117
0014_0115_0037_0038_0038.jpg 1 115 37 38 38
0015_0117_0047_0099_0099.jpg 1 117 47 99 99
0016_0088_0067_0030_0030.jpg 1 88 67 30 30
0017_0037_0075_0073_0073.jpg 1 37 75 73 73
0018_0034_0035_0055_0055.jpg 1 34 35 55 55
0019_0025_0020_0128_0128.jpg 1 25 20 128 128
0020_0165_0041_0042_0042.jpg 1 165 41 42 42
0021_0040_0054_0067_0067.jpg 1 40 54 67 67
0022_0132_0028_0056_0056.jpg 1 132 28 56 56
0023_0029_0028_0118_0118.jpg 1 29 28 118 118
0024_0037_0045_0118_0118.jpg 1 37 45 118 118
0025_0064_0037_0080_0080.jpg 1 64 37 80 80
0026_0025_0061_0063_0063.jpg 1 25 61 63 63
0027_0098_0090_0067_0067.jpg 1 98 90 67 67
0028_0060_0057_0106_0106.jpg 1 60 57 106 106
0029_0016_0048_0118_0118.jpg 1 16 48 118 118
0030_0018_0041_0106_0106.jpg 1 18 41 106 106
0031_0126_0086_0041_0041.jpg 1 126 86 41 41
0032_0088_0131_0028_0028.jpg 1 88 131 28 28
0033_0060_0040_0106_0106.jpg 1 60 40 106 106
0034_0092_0011_0096_0096.jpg 1 92 11 96 96
0035_0024_0103_0043_0043.jpg 1 24 103 43 43
0036_0067_0030_0119_0119.jpg 1 67 30 119 119
0037_0037_0041_0126_0126.jpg 1 37 41 126 126
0038_0160_0088_0067_0067.jpg 1 160 88 67 67
0039_0132_0085_0038_0038.jpg 1 132 85 38 38
0040_0095_0064_0111_0111.jpg 1 95 64 111 111
0041_0120_0014_0066_0066.jpg 1 120 14 66 66
0042_0165_0030_0047_0047.jpg 1 165 30 47 47
0043_0087_0104_0057_0057.jpg 1 87 104 57 57
0044_0091_0083_0093_0093.jpg 1 91 83 93 93
0045_0044_0115_0026_0026.jpg 1 44 115 26 26
0046_0051_0109_0029_0029.jpg 1 51 109 29 29
0047_0126_0141_0029_0029.jpg 1 126 141 29 29
0048_0057_0049_0095_0095.jpg 1 57 49 95 95
0049_0106_0079_0030_0030.jpg 1 106 79 30 30
0050_0022_0044_0124_0124.jpg 1 22 44 124 124
