0001_0026_0076_0069_0069.jpg 1 26 76 69 69
0002_0126_0049_0057_0057.jpg 1 126 49 57 57
0003_0068_0083_0091_0091.jpg 1 68 83 91 91
0004_0138_0091_0052_0052.jpg 1 138 91 52 52
0005_0095_0043_0123_0123.jpg 1 95 43 123 123
0006_0049_0033_0040_0040.jpg 1 49 33 40 40
0007_0041_0045_0112_0112.jpg 1 41 45 112 112
0008_0147_0073_0068_0068.jpg 1 147 73 68 68
0009_0138_0024_0057_0057.jpg 1 138 24 57 57
0010_0014_0069_0074_0074.jpg 1 14 69 74 74
0011_0185_0041_0041_0041.jpg 1 185 41 41 41
0012_0011_0164_0107_0107.jpg 1 11 164 107 107
0013_0047_0032_0041_0041.jpg 1 47 32 41 41
0014_0100_0007_0092_0092.jpg 1 100 7 92 92
0015_0082_0062_0041_0041.jpg 1 82 62 41 41
0016_0063_0040_0128_0128.jpg 1 63 40 128 128
0017_0079_0065_0105_0105.jpg 1 79 65 105 105
0018_0028_0024_0071_0071.jpg 1 28 24 71 71
0019_0030_0022_0069_0069.jpg 1 30 22 69 69
0020_0101_0053_0109_0109.jpg 1 101 53 109 109
0021_0031_0030_0088_0088.jpg 1 31 30 88 88
0022_0139_0056_0071_0071.jpg 1 139 56 71 71
0023_0039_0023_0092_0092.jpg 1 39 23 92 92
0024_0106_0091_0042_0042.jpg 1 106 91 42 42
0025_0085_0046_0073_0073.jpg 1 85 46 73 73
0026_0027_0156_0025_0025.jpg 1 27 156 25 25
0027_0093_0023_0117_0117.jpg 1 93 23 117 117
0028_0043_0018_0122_0122.jpg 1 43 18 122 122
0029_0109_0016_0122_0122.jpg 1 109 16 122 122
0030_0119_0050_0109_0109.jpg 1 119 50 109 109
0031_0027_0053_0099_0099.jpg 1 27 53 99 99
0032_0032_0014_0107_0107.jpg 1 32 14 107 107
0033_0076_0012_0093_0093.jpg 1 76 12 93 93
0034_0092_0113_0026_0026.jpg 1 92 113 26 26
0035_0112_0044_0110_0110.jpg 1 112 44 110 110
0036_0073_0054_0075_0075.jpg 1 73 54 75 75
0037_0115_0106_0057_0057.jpg 1 115 106 57 57
0038_0094_0090_0064_0064.jpg 1 94 90 64 64
0039_0077_0045_0088_0088.jpg 1 77 45 88 88
0040_0133_0081_0058_0058.jpg 1 133 81 58 58
0041_0059_0064_0076_0076.jpg 1 59 64 76 76
0042_0079_0070_0103_0103.jpg 1 79 70 103 103
0043_0030_0035_0128_0128.jpg 1 30 35 128 128
0044_0059_0023_0125_0125.jpg 1 59 23 125 125
0045_0145_0065_0087_0087.jpg 1 145 65 87 87
0046_0152_0050_0047_0047.jpg 1 152 50 47 47
0047_0051_0027_0103_0103.jpg 1 51 27 103 103
0048_0063_0015_0110_0110.jpg 1 63 15 110 110
0049_0118_0026_0114_0114.jpg 1 118 26 114 114
0050_0139_0033_0054_0054.jpg 1 139 33 54 54
