0001_0188_0087_0036_0036.jpg 1 188 87 36 36
0002_0099_0016_0128_0128.jpg 1 99 16 128 128
0003_0083_0012_0111_0111.jpg 1 83 12 111 111
0004_0022_0039_0075_0075.jpg 1 22 39 75 75
0005_0023_0033_0048_0048.jpg 1 23 33 48 48
0006_0155_0116_0045_0045.jpg 1 155 116 45 45
0007_0108_0034_0116_0116.jpg 1 108 34 116 116
0008_0068_0069_0086_0086.jpg 1 68 69 86 86
0009_0086_0101_0048_0048.jpg 1 86 101 48 48
0010_0081_0053_0106_0106.jpg 1 81 53 106 106
0011_0165_0044_0055_0055.jpg 1 165 44 55 55
0012_0141_0115_0041_0041.jpg 1 141 115 41 41
0013_0028_0055_0113_0113.jpg 1 28 55 113 113
0014_0037_0143_0045_0045.jpg 1 37 143 45 45
0015_0068_0031_0060_0060.jpg 1 68 31 60 60
0016_0177_0099_0030_0030.jpg 1 177 99 30 30
0017_0124_0112_0036_0036.jpg 1 124 112 36 36
0018_0085_0010_0114_0114.jpg 1 85 10 114 114
0019_0021_0009_0115_0115.jpg 1 21 9 115 115
0020_0099_0042_0033_0033.jpg 1 99 42 33 33
0021_0110_0012_0100_0100.jpg 1 110 12 100 100
0022_0062_0057_0118_0118.jpg 1 62 57 118 118
0023_0060_0031_0104_0104.jpg 1 60 31 104 104
0024_0053_0034_0103_0103.jpg 1 53 34 103 103
0025_0115_0081_0075_0075.jpg 1 115 81 75 75
0026_0094_0067_0058_0058.jpg 1 94 67 58 58
0027_0062_0082_0064_0064.jpg 1 62 82 64 64
0028_0142_0121_0029_0029.jpg 1 142 121 29 29
0029_0066_0030_0104_0104.jpg 1 66 30 104 104
0030_0079_0049_0086_0086.jpg 1 79 49 86 86
0031_0045_0074_0122_0122.jpg 1 45 74 122 122
0032_0047_0106_0127_0127.jpg 1 47 106 127 127
0033_0065_0034_0128_0128.jpg 1 65 34 128 128
0034_0188_0128_0040_0040.jpg 1 188 128 40 40
0035_0021_0047_0085_0085.jpg 1 21 47 85 85
0036_0043_0145_0114_0114.jpg 1 43 145 114 114
0037_0017_0076_0101_0101.jpg 1 17 76 101 101
0038_0106_0229_0026_0026.jpg 1 106 229 26 26
0039_0099_0040_0063_0063.jpg 1 99 40 63 63
0040_0068_0040_0080_0080.jpg 1 68 40 80 80
0041_0107_0028_0117_0117.jpg 1 107 28 117 117
0042_0043_0009_0129_0129.jpg 1 43 9 129 129
0043_0073_0097_0042_0042.jpg 1 73 97 42 42
0044_0074_0026_0087_0087.jpg 1 74 26 87 87
0045_0082_0042_0074_0074.jpg 1 82 42 74 74
0046_0181_0093_0044_0044.jpg 1 181 93 44 44
0047_0083_0074_0067_0067.jpg 1 83 74 67 67
0048_0015_0038_0103_0103.jpg 1 15 38 103 103
0049_0071_0013_0105_0105.jpg 1 71 13 105 105
0050_0030_0050_0102_0102.jpg 1 30 50 102 102
