0001_0075_0082_0064_0064.jpg 1 75 82 64 64
0002_0095_0011_0075_0075.jpg 1 95 11 75 75
0003_0107_0028_0104_0104.jpg 1 107 28 104 104
0004_0112_0035_0094_0094.jpg 1 112 35 94 94
0005_0026_0044_0130_0130.jpg 1 26 44 130 130
0006_0147_0106_0031_0031.jpg 1 147 106 31 31
0007_0041_0033_0107_0107.jpg 1 41 33 107 107
0008_0092_0021_0110_0110.jpg 1 92 21 110 110
0009_0019_0087_0075_0075.jpg 1 19 87 75 75
0010_0083_0032_0048_0048.jpg 1 83 32 48 48
0011_0016_0009_0099_0099.jpg 1 16 9 99 99
0012_0074_0039_0063_0063.jpg 1 74 39 63 63
0013_0075_0075_0087_0087.jpg 1 75 75 87 87
0014_0022_0026_0093_0093.jpg 1 22 26 93 93
0015_0053_0058_0114_0114.jpg 1 53 58 114 114
0016_0029_0009_0128_0128.jpg 1 29 9 128 128
0017_0078_0019_0099_0099.jpg 1 78 19 99 99
0018_0049_0058_0049_0049.jpg 1 49 58 49 49
0019_0032_0024_0098_0098.jpg 1 32 24 98 98
0020_0103_0010_0126_0126.jpg 1 103 10 126 126
0021_0072_0031_0039_0039.jpg 1 72 31 39 39
0022_0127_0112_0054_0054.jpg 1 127 112 54 54
0023_0039_0054_0119_0119.jpg 1 39 54 119 119
0024_0045_0050_0087_0087.jpg 1 45 50 87 87
0025_0046_0054_0065_0065.jpg 1 46 54 65 65
0026_0045_0110_0051_0051.jpg 1 45 110 51 51
0027_0187_0090_0040_0040.jpg 1 187 90 40 40
0028_0078_0063_0094_0094.jpg 1 78 63 94 94
0029_0137_0034_0090_0090.jpg 1 137 34 90 90
0030_0188_0082_0030_0030.jpg 1 188 82 30 30
0031_0031_0081_0096_0096.jpg 1 31 81 96 96
0032_0051_0035_0129_0129.jpg 1 51 35 129 129
0033_0103_0042_0129_0129.jpg 1 103 42 129 129
0034_0035_0053_0086_0086.jpg 1 35 53 86 86
0035_0150_0056_0075_0075.jpg 1 150 56 75 75
0036_0061_0040_0116_0116.jpg 1 61 40 116 116
0037_0062_0022_0029_0029.jpg 1 62 22 29 29
0038_0148_0107_0034_0034.jpg 1 148 107 34 34
0039_0079_0019_0099_0099.jpg 1 79 19 99 99
0040_0082_0114_0051_0051.jpg 1 82 114 51 51
0041_0018_0038_0101_0101.jpg 1 18 38 101 101
0042_0050_0008_0117_0117.jpg 1 50 8 117 117
0043_0147_0019_0062_0062.jpg 1 147 19 62 62
0044_0105_0029_0123_0123.jpg 1 105 29 123 123
0045_0114_0037_0063_0063.jpg 1 114 37 63 63
0046_0022_0060_0075_0075.jpg 1 22 60 75 75
0047_0099_0127_0041_0041.jpg 1 99 127 41 41
0048_0119_0072_0066_0066.jpg 1 119 72 66 66
0049_0027_0060_0026_0026.jpg 1 27 60 26 26
0050_0134_0079_0065_0065.jpg 1 134 79 65 65
