0001_0101_0049_0025_0025.jpg 1 101 49 25 25
0002_0032_0069_0107_0107.jpg 1 32 69 107 107
0003_0099_0021_0115_0115.jpg 1 99 21 115 115
0004_0043_0027_0070_0070.jpg 1 43 27 70 70
0005_0059_0041_0075_0075.jpg 1 59 41 75 75
0006_0081_0013_0074_0074.jpg 1 81 13 74 74
0007_0018_0017_0111_0111.jpg 1 18 17 111 111
0008_0055_0027_0126_0126.jpg 1 55 27 126 126
0009_0030_0064_0107_0107.jpg 1 30 64 107 107
0010_0124_0059_0076_0076.jpg 1 124 59 76 76
0011_0023_0100_0063_0063.jpg 1 23 100 63 63
0012_0078_0034_0110_0110.jpg 1 78 34 110 110
0013_0023_0022_0083_0083.jpg 1 23 22 83 83
0014_0056_0142_0083_0083.jpg 1 56 142 83 83
0015_0089_0043_0128_0128.jpg 1 89 43 128 128
0016_0059_0053_0104_0104.jpg 1 59 53 104 104
0017_0085_0046_0089_0089.jpg 1 85 46 89 89
0018_0036_0052_0125_0125.jpg 1 36 52 125 125
0019_0056_0051_0030_0030.jpg 1 56 51 30 30
0020_0110_0072_0069_0069.jpg 1 110 72 69 69
0021_0036_0100_0024_0024.jpg 1 36 100 24 24
0022_0041_0011_0124_0124.jpg 1 41 11 124 124
0023_0081_0020_0111_0111.jpg 1 81 20 111 111
0024_0050_0017_0051_0051.jpg 1 50 17 51 51
0025_0146_0097_0065_0065.jpg 1 146 97 65 65
0026_0152_0046_0078_0078.jpg 1 152 46 78 78
0027_0072_0063_0107_0107.jpg 1 72 63 107 107
0028_0129_0072_0083_0083.jpg 1 129 72 83 83
0029_0035_0045_0112_0112.jpg 1 35 45 112 112
0030_0074_0121_0025_0025.jpg 1 74 121 25 25
0031_0094_0070_0074_0074.jpg 1 94 70 74 74
0032_0162_0014_0056_0056.jpg 1 162 14 56 56
0033_0049_0068_0084_0084.jpg 1 49 68 84 84
0034_0094_0052_0112_0112.jpg 1 94 52 112 112
0035_0145_0111_0052_0052.jpg 1 145 111 52 52
0036_0070_0033_0082_0082.jpg 1 70 33 82 82
0037_0094_0105_0054_0054.jpg 1 94 105 54 54
0038_0081_0204_0046_0046.jpg 1 81 204 46 46
0039_0068_0040_0105_0105.jpg 1 68 40 105 105
0040_0137_0034_0068_0068.jpg 1 137 34 68 68
0041_0059_0049_0066_0066.jpg 1 59 49 66 66
0042_0153_0114_0051_0051.jpg 1 153 114 51 51
0043_0031_0051_0119_0119.jpg 1 31 51 119 119
0044_0112_0109_0043_0043.jpg 1 112 109 43 43
0045_0103_0092_0048_0048.jpg 1 103 92 48 48
0046_0036_0024_0116_0116.jpg 1 36 24 116 116
0047_0134_0068_0084_0084.jpg 1 134 68 84 84
0048_0155_0111_0061_0061.jpg 1 155 111 61 61
0049_0072_0051_0070_0070.jpg 1 72 51 70 70
0050_0113_0029_0072_0072.jpg 1 113 29 72 72
