0001_0147_0021_0034_0034.jpg 1 147 21 34 34
0002_0129_0045_0093_0093.jpg 1 129 45 93 93
0003_0073_0036_0045_0045.jpg 1 73 36 45 45
0004_0114_0012_0058_0058.jpg 1 114 12 58 58
0005_0040_0105_0027_0027.jpg 1 40 105 27 27
0006_0035_0039_0075_0075.jpg 1 35 39 75 75
0007_0062_0051_0085_0085.jpg 1 62 51 85 85
0008_0066_0107_0085_0085.jpg 1 66 107 85 85
0009_0163_0025_0064_0064.jpg 1 163 25 64 64
0010_0043_0022_0036_0036.jpg 1 43 22 36 36
0011_0133_0063_0093_0093.jpg 1 133 63 93 93
0012_0075_0033_0049_0049.jpg 1 75 33 49 49
0013_0046_0096_0035_0035.jpg 1 46 96 35 35
0014_0064_0045_0086_0086.jpg 1 64 45 86 86
0015_0024_0045_0040_0040.jpg 1 24 45 40 40
0016_0032_0114_0059_0059.jpg 1 32 114 59 59
0017_0035_0049_0038_0038.jpg 1 35 49 38 38
0018_0025_0125_0090_0090.jpg 1 25 125 90 90
0019_0062_0090_0060_0060.jpg 1 62 90 60 60
0020_0113_0027_0069_0069.jpg 1 113 27 69 69
0021_0176_0060_0039_0039.jpg 1 176 60 39 39
0022_0164_0100_0051_0051.jpg 1 164 100 51 51
0023_0021_0040_0041_0041.jpg 1 21 40 41 41
0024_0145_0083_0084_0084.jpg 1 145 83 84 84
0025_0042_0077_0078_0078.jpg 1 42 77 78 78
0026_0080_0058_0059_0059.jpg 1 80 58 59 59
0027_0027_0051_0078_0078.jpg 1 27 51 78 78
0028_0060_0065_0096_0096.jpg 1 60 65 96 96
0029_0172_0078_0048_0048.jpg 1 172 78 48 48
0030_0064_0023_0074_0074.jpg 1 64 23 74 74
0031_0188_0024_0039_0039.jpg 1 188 24 39 39
0032_0116_0072_0034_0034.jpg 1 116 72 34 34
0033_0082_0017_0080_0080.jpg 1 82 17 80 80
0034_0066_0012_0068_0068.jpg 1 66 12 68 68
0035_0084_0038_0049_0049.jpg 1 84 38 49 49
0036_0147_0101_0045_0045.jpg 1 147 101 45 45
0037_0138_0044_0031_0031.jpg 1 138 44 31 31
0038_0163_0060_0047_0047.jpg 1 163 60 47 47
0039_0141_0102_0071_0071.jpg 1 141 102 71 71
0040_0073_0030_0090_0090.jpg 1 73 30 90 90
0041_0079_0017_0084_0084.jpg 1 79 17 84 84
0042_0072_0098_0051_0051.jpg 1 72 98 51 51
0043_0068_0048_0073_0073.jpg 1 68 48 73 73
0044_0080_0015_0078_0078.jpg 1 80 15 78 78
0045_0075_0034_0051_0051.jpg 1 75 34 51 51
0046_0027_0049_0061_0061.jpg 1 27 49 61 61
0047_0050_0049_0072_0072.jpg 1 50 49 72 72
0048_0125_0028_0037_0037.jpg 1 125 28 37 37
0049_0087_0017_0060_0060.jpg 1 87 17 60 60
0050_0131_0013_0075_0075.jpg 1 131 13 75 75
