0001_0037_0072_0103_0103.jpg 1 37 72 103 103
0002_0095_0162_0046_0046.jpg 1 95 162 46 46
0003_0080_0036_0080_0080.jpg 1 80 36 80 80
0004_0104_0038_0069_0069.jpg 1 104 38 69 69
0005_0125_0079_0033_0033.jpg 1 125 79 33 33
0006_0102_0071_0065_0065.jpg 1 102 71 65 65
0007_0070_0076_0065_0065.jpg 1 70 76 65 65
0008_0020_0058_0078_0078.jpg 1 20 58 78 78
0009_0098_0063_0078_0078.jpg 1 98 63 78 78
0010_0049_0004_0104_0104.jpg 1 49 4 104 104
0011_0075_0112_0041_0041.jpg 1 75 112 41 41
0012_0109_0028_0115_0115.jpg 1 109 28 115 115
0013_0116_0032_0106_0106.jpg 1 116 32 106 106
0014_0061_0057_0089_0089.jpg 1 61 57 89 89
0015_0095_0055_0097_0097.jpg 1 95 55 97 97
0016_0091_0063_0079_0079.jpg 1 91 63 79 79
0017_0059_0085_0075_0075.jpg 1 59 85 75 75
0018_0074_0152_0064_0064.jpg 1 74 152 64 64
0019_0075_0059_0096_0096.jpg 1 75 59 96 96
0020_0029_0037_0127_0127.jpg 1 29 37 127 127
0021_0088_0033_0120_0120.jpg 1 88 33 120 120
0022_0037_0067_0089_0089.jpg 1 37 67 89 89
0023_0056_0071_0077_0077.jpg 1 56 71 77 77
0024_0105_0008_0106_0106.jpg 1 105 8 106 106
0025_0071_0030_0105_0105.jpg 1 71 30 105 105
0026_0138_0036_0074_0074.jpg 1 138 36 74 74
0027_0093_0044_0100_0100.jpg 1 93 44 100 100
0028_0129_0009_0103_0103.jpg 1 129 9 103 103
0029_0145_0058_0027_0027.jpg 1 145 58 27 27
0030_0069_0075_0063_0063.jpg 1 69 75 63 63
0031_0154_0041_0037_0037.jpg 1 154 41 37 37
0032_0131_0033_0042_0042.jpg 1 131 33 42 42
0033_0103_0054_0072_0072.jpg 1 103 54 72 72
0034_0138_0030_0035_0035.jpg 1 138 30 35 35
0035_0172_0078_0049_0049.jpg 1 172 78 49 49
0036_0124_0058_0066_0066.jpg 1 124 58 66 66
0037_0058_0088_0078_0078.jpg 1 58 88 78 78
0038_0179_0067_0050_0050.jpg 1 179 67 50 50
0039_0074_0034_0116_0116.jpg 1 74 34 116 116
0040_0108_0024_0062_0062.jpg 1 108 24 62 62
0041_0017_0012_0099_0099.jpg 1 17 12 99 99
0042_0014_0050_0115_0115.jpg 1 14 50 115 115
0043_0067_0031_0112_0112.jpg 1 67 31 112 112
0044_0098_0049_0045_0045.jpg 1 98 49 45 45
0045_0095_0049_0038_0038.jpg 1 95 49 38 38
0046_0173_0058_0039_0039.jpg 1 173 58 39 39
0047_0143_0030_0077_0077.jpg 1 143 30 77 77
0048_0075_0046_0039_0039.jpg 1 75 46 39 39
0049_0051_0044_0055_0055.jpg 1 51 44 55 55
0050_0049_0048_0078_0078.jpg 1 49 48 78 78
