0001_0198_0066_0025_0025.jpg 1 198 66 25 25
0002_0168_0062_0033_0033.jpg 1 168 62 33 33
0003_0121_0022_0110_0110.jpg 1 121 22 110 110
0004_0084_0020_0116_0116.jpg 1 84 20 116 116
0005_0173_0045_0046_0046.jpg 1 173 45 46 46
0006_0158_0083_0046_0046.jpg 1 158 83 46 46
0007_0067_0042_0071_0071.jpg 1 67 42 71 71
0008_0048_0009_0105_0105.jpg 1 48 9 105 105
0009_0074_0048_0123_0123.jpg 1 74 48 123 123
0010_0097_0040_0110_0110.jpg 1 97 40 110 110
0011_0052_0040_0074_0074.jpg 1 52 40 74 74
0012_0090_0028_0128_0128.jpg 1 90 28 128 128
0013_0081_0013_0100_0100.jpg 1 81 13 100 100
0014_0045_0068_0045_0045.jpg 1 45 68 45 45
0015_0116_0021_0097_0097.jpg 1 116 21 97 97
0016_0117_0047_0072_0072.jpg 1 117 47 72 72
0017_0036_0066_0110_0110.jpg 1 36 66 110 110
0018_0058_0028_0101_0101.jpg 1 58 28 101 101
0019_0041_0089_0054_0054.jpg 1 41 89 54 54
0020_0061_0017_0094_0094.jpg 1 61 17 94 94
0021_0032_0091_0123_0123.jpg 1 32 91 123 123
0022_0027_0010_0087_0087.jpg 1 27 10 87 87
0023_0097_0054_0108_0108.jpg 1 97 54 108 108
0024_0076_0057_0088_0088.jpg 1 76 57 88 88
0025_0022_0120_0028_0028.jpg 1 22 120 28 28
0026_0054_0033_0101_0101.jpg 1 54 33 101 101
0027_0123_0039_0107_0107.jpg 1 123 39 107 107
0028_0093_0015_0088_0088.jpg 1 93 15 88 88
0029_0071_0069_0069_0069.jpg 1 71 69 69 69
0030_0149_0025_0062_0062.jpg 1 149 25 62 62
0031_0111_0060_0111_0111.jpg 1 111 60 111 111
0032_0118_0030_0031_0031.jpg 1 118 30 31 31
0033_0116_0129_0034_0034.jpg 1 116 129 34 34
0034_0161_0023_0050_0050.jpg 1 161 23 50 50
0035_0065_0045_0106_0106.jpg 1 65 45 106 106
0036_0056_0070_0072_0072.jpg 1 56 70 72 72
0037_0021_0016_0065_0065.jpg 1 21 16 65 65
0038_0066_0054_0094_0094.jpg 1 66 54 94 94
0039_0054_0076_0057_0057.jpg 1 54 76 57 57
0040_0152_0060_0048_0048.jpg 1 152 60 48 48
0041_0018_0038_0115_0115.jpg 1 18 38 115 115
0042_0036_0102_0125_0125.jpg 1 36 102 125 125
0043_0055_0041_0111_0111.jpg 1 55 41 111 111
0044_0071_0032_0038_0038.jpg 1 71 32 38 38
0045_0055_0037_0024_0024.jpg 1 55 37 24 24
0046_0081_0013_0073_0073.jpg 1 81 13 73 73
0047_0133_0068_0093_0093.jpg 1 133 68 93 93
0048_0106_0072_0102_0102.jpg 1 106 72 102 102
0049_0150_0045_0072_0072.jpg 1 150 45 72 72
0050_0039_0028_0081_0081.jpg 1 39 28 81 81
