0001_0065_0048_0091_0091.jpg 1 65 48 91 91
0002_0040_0084_0026_0026.jpg 1 40 84 26 26
0003_0048_0200_0055_0055.jpg 1 48 200 55 55
0004_0141_0029_0072_0072.jpg 1 141 29 72 72
0005_0032_0068_0045_0045.jpg 1 32 68 45 45
0006_0070_0079_0060_0060.jpg 1 70 79 60 60
0007_0039_0064_0027_0027.jpg 1 39 64 27 27
0008_0028_0029_0066_0066.jpg 1 28 29 66 66
0009_0024_0024_0127_0127.jpg 1 24 24 127 127
0010_0112_0046_0071_0071.jpg 1 112 46 71 71
0011_0032_0015_0110_0110.jpg 1 32 15 110 110
0012_0062_0039_0126_0126.jpg 1 62 39 126 126
0013_0079_0006_0122_0122.jpg 1 79 6 122 122
0014_0035_0072_0096_0096.jpg 1 35 72 96 96
0015_0039_0050_0108_0108.jpg 1 39 50 108 108
0016_0024_0037_0024_0024.jpg 1 24 37 24 24
0017_0057_0096_0064_0064.jpg 1 57 96 64 64
0018_0122_0060_0100_0100.jpg 1 122 60 100 100
0019_0115_0060_0090_0090.jpg 1 115 60 90 90
0020_0128_0087_0087_0087.jpg 1 128 87 87 87
0021_0087_0041_0062_0062.jpg 1 87 41 62 62
0022_0046_0028_0083_0083.jpg 1 46 28 83 83
0023_0031_0038_0024_0024.jpg 1 31 38 24 24
0024_0047_0080_0080_0080.jpg 1 47 80 80 80
0025_0103_0043_0128_0128.jpg 1 103 43 128 128
0026_0085_0037_0125_0125.jpg 1 85 37 125 125
0027_0058_0075_0035_0035.jpg 1 58 75 35 35
0028_0119_0049_0109_0109.jpg 1 119 49 109 109
0029_0035_0049_0126_0126.jpg 1 35 49 126 126
0030_0157_0049_0034_0034.jpg 1 157 49 34 34
0031_0103_0025_0104_0104.jpg 1 103 25 104 104
0032_0120_0084_0088_0088.jpg 1 120 84 88 88
0033_0022_0048_0033_0033.jpg 1 22 48 33 33
0034_0133_0039_0058_0058.jpg 1 133 39 58 58
0035_0030_0111_0080_0080.jpg 1 30 111 80 80
0036_0029_0027_0051_0051.jpg 1 29 27 51 51
0037_0031_0038_0071_0071.jpg 1 31 38 71 71
0038_0096_0066_0085_0085.jpg 1 96 66 85 85
0039_0031_0022_0125_0125.jpg 1 31 22 125 125
0040_0134_0095_0078_0078.jpg 1 134 95 78 78
0041_0051_0086_0051_0051.jpg 1 51 86 51 51
0042_0141_0047_0084_0084.jpg 1 141 47 84 84
0043_0048_0125_0046_0046.jpg 1 48 125 46 46
0044_0078_0040_0125_0125.jpg 1 78 40 125 125
0045_0049_0061_0096_0096.jpg 1 49 61 96 96
0046_0164_0053_0064_0064.jpg 1 164 53 64 64
0047_0101_0132_0034_0034.jpg 1 101 132 34 34
0048_0037_0009_0084_0084.jpg 1 37 9 84 84
0049_0099_0107_0026_0026.jpg 1 99 107 26 26
0050_0024_0080_0049_0049.jpg 1 24 80 49 49
