0001_0144_0094_0060_0060.jpg 1 144 94 60 60
0002_0167_0068_0035_0035.jpg 1 167 68 35 35
0003_0018_0065_0111_0111.jpg 1 18 65 111 111
0004_0073_0034_0088_0088.jpg 1 73 34 88 88
0005_0123_0090_0050_0050.jpg 1 123 90 50 50
0006_0143_0025_0088_0088.jpg 1 143 25 88 88
0007_0063_0027_0089_0089.jpg 1 63 27 89 89
0008_0032_0026_0081_0081.jpg 1 32 26 81 81
0009_0102_0013_0102_0102.jpg 1 102 13 102 102
0010_0140_0098_0066_0066.jpg 1 140 98 66 66
0011_0103_0011_0084_0084.jpg 1 103 11 84 84
0012_0181_0018_0024_0024.jpg 1 181 18 24 24
0013_0033_0094_0099_0099.jpg 1 33 94 99 99
0014_0039_0038_0045_0045.jpg 1 39 38 45 45
0015_0140_0105_0055_0055.jpg 1 140 105 55 55
0016_0078_0038_0100_0100.jpg 1 78 38 100 100
0017_0098_0084_0063_0063.jpg 1 98 84 63 63
0018_0071_0050_0108_0108.jpg 1 71 50 108 108
0019_0023_0036_0026_0026.jpg 1 23 36 26 26
0020_0065_0026_0102_0102.jpg 1 65 26 102 102
0021_0072_0026_0071_0071.jpg 1 72 26 71 71
0022_0076_0022_0089_0089.jpg 1 76 22 89 89
0023_0120_0016_0035_0035.jpg 1 120 16 35 35
0024_0160_0025_0069_0069.jpg 1 160 25 69 69
0025_0123_0026_0089_0089.jpg 1 123 26 89 89
0026_0038_0018_0112_0112.jpg 1 38 18 112 112
0027_0048_0132_0066_0066.jpg 1 48 132 66 66
0028_0061_0107_0040_0040.jpg 1 61 107 40 40
0029_0016_0024_0061_0061.jpg 1 16 24 61 61
0030_0156_0104_0057_0057.jpg 1 156 104 57 57
0031_0090_0027_0027_0027.jpg 1 90 27 27 27
0032_0045_0099_0030_0030.jpg 1 45 99 30 30
0033_0131_0084_0073_0073.jpg 1 131 84 73 73
0034_0063_0095_0104_0104.jpg 1 63 95 104 104
0035_0185_0027_0042_0042.jpg 1 185 27 42 42
0036_0021_0058_0100_0100.jpg 1 21 58 100 100
0037_0106_0031_0086_0086.jpg 1 106 31 86 86
0038_0074_0040_0079_0079.jpg 1 74 40 79 79
0039_0080_0092_0065_0065.jpg 1 80 92 65 65
0040_0123_0008_0101_0101.jpg 1 123 8 101 101
0041_0059_0031_0106_0106.jpg 1 59 31 106 106
0042_0092_0116_0032_0032.jpg 1 92 116 32 32
0043_0070_0088_0036_0036.jpg 1 70 88 36 36
0044_0102_0052_0102_0102.jpg 1 102 52 102 102
0045_0119_0020_0043_0043.jpg 1 119 20 43 43
0046_0044_0019_0104_0104.jpg 1 44 19 104 104
0047_0039_0041_0112_0112.jpg 1 39 41 112 112
0048_0115_0009_0113_0113.jpg 1 115 9 113 113
0049_0112_0040_0101_0101.jpg 1 112 40 101 101
0050_0020_0026_0098_0098.jpg 1 20 26 98 98
