0001_0082_0033_0049_0049.jpg 1 82 33 49 49
0002_0112_0017_0086_0086.jpg 1 112 17 86 86
0003_0063_0037_0115_0115.jpg 1 63 37 115 115
0004_0086_0052_0120_0120.jpg 1 86 52 120 120
0005_0034_0040_0085_0085.jpg 1 34 40 85 85
0006_0012_0129_0120_0120.jpg 1 12 129 120 120
0007_0057_0076_0091_0091.jpg 1 57 76 91 91
0008_0129_0081_0072_0072.jpg 1 129 81 72 72
0009_0130_0127_0034_0034.jpg 1 130 127 34 34
0010_0071_0003_0126_0126.jpg 1 71 3 126 126
0011_0101_0052_0026_0026.jpg 1 101 52 26 26
0012_0044_0106_0056_0056.jpg 1 44 106 56 56
0013_0115_0053_0114_0114.jpg 1 115 53 114 114
0014_0116_0042_0036_0036.jpg 1 116 42 36 36
0015_0018_0061_0129_0129.jpg 1 18 61 129 129
0016_0067_0056_0107_0107.jpg 1 67 56 107 107
0017_0085_0067_0045_0045.jpg 1 85 67 45 45
0018_0123_0036_0071_0071.jpg 1 123 36 71 71
0019_0051_0095_0102_0102.jpg 1 51 95 102 102
0020_0051_0089_0064_0064.jpg 1 51 89 64 64
0021_0080_0085_0081_0081.jpg 1 80 85 81 81
0022_0145_0037_0069_0069.jpg 1 145 37 69 69
0023_0090_0057_0113_0113.jpg 1 90 57 113 113
0024_0136_0104_0067_0067.jpg 1 136 104 67 67
0025_0128_0049_0077_0077.jpg 1 128 49 77 77
0026_0051_0084_0025_0025.jpg 1 51 84 25 25
0027_0071_0013_0127_0127.jpg 1 71 13 127 127
0028_0041_0019_0076_0076.jpg 1 41 19 76 76
0029_0070_0009_0105_0105.jpg 1 70 9 105 105
0030_0088_0114_0035_0035.jpg 1 88 114 35 35
0031_0100_0020_0041_0041.jpg 1 100 20 41 41
0032_0164_0091_0048_0048.jpg 1 164 91 48 48
0033_0181_0102_0038_0038.jpg 1 181 102 38 38
0034_0097_0049_0068_0068.jpg 1 97 49 68 68
0035_0130_0054_0105_0105.jpg 1 130 54 105 105
0036_0047_0084_0070_0070.jpg 1 47 84 70 70
0037_0023_0030_0050_0050.jpg 1 23 30 50 50
0038_0026_0013_0109_0109.jpg 1 26 13 109 109
0039_0122_0036_0055_0055.jpg 1 122 36 55 55
0040_0104_0034_0105_0105.jpg 1 104 34 105 105
0041_0057_0026_0071_0071.jpg 1 57 26 71 71
0042_0047_0063_0036_0036.jpg 1 47 63 36 36
0043_0060_0090_0072_0072.jpg 1 60 90 72 72
0044_0154_0108_0060_0060.jpg 1 154 108 60 60
0045_0037_0063_0112_0112.jpg 1 37 63 112 112
0046_0146_0050_0053_0053.jpg 1 146 50 53 53
0047_0104_0035_0085_0085.jpg 1 104 35 85 85
0048_0081_0062_0031_0031.jpg 1 81 62 31 31
0049_0076_0025_0080_0080.jpg 1 76 25 80 80
0050_0023_0027_0104_0104.jpg 1 23 27 104 104
