0001_0022_0097_0075_0075.jpg 1 22 97 75 75
0002_0129_0014_0088_0088.jpg 1 129 14 88 88
0003_0131_0029_0039_0039.jpg 1 131 29 39 39
0004_0137_0051_0033_0033.jpg 1 137 51 33 33
0005_0081_0066_0081_0081.jpg 1 81 66 81 81
0006_0085_0055_0101_0101.jpg 1 85 55 101 101
0007_0131_0066_0038_0038.jpg 1 131 66 38 38
0008_0082_0082_0049_0049.jpg 1 82 82 49 49
0009_0096_0038_0123_0123.jpg 1 96 38 123 123
0010_0144_0094_0036_0036.jpg 1 144 94 36 36
0011_0120_0053_0093_0093.jpg 1 120 53 93 93
0012_0058_0063_0103_0103.jpg 1 58 63 103 103
0013_0038_0061_0112_0112.jpg 1 38 61 112 112
0014_0066_0031_0087_0087.jpg 1 66 31 87 87
0015_0107_0065_0100_0100.jpg 1 107 65 100 100
0016_0063_0055_0119_0119.jpg 1 63 55 119 119
0017_0024_0012_0089_0089.jpg 1 24 12 89 89
0018_0177_0107_0040_0040.jpg 1 177 107 40 40
0019_0058_0050_0040_0040.jpg 1 58 50 40 40
0020_0146_0115_0043_0043.jpg 1 146 115 43 43
0021_0026_0037_0077_0077.jpg 1 26 37 77 77
0022_0091_0008_0123_0123.jpg 1 91 8 123 123
0023_0072_0033_0065_0065.jpg 1 72 33 65 65
0024_0082_0014_0102_0102.jpg 1 82 14 102 102
0025_0034_0033_0086_0086.jpg 1 34 33 86 86
0026_0180_0024_0037_0037.jpg 1 180 24 37 37
0027_0061_0024_0065_0065.jpg 1 61 24 65 65
0028_0163_0046_0052_0052.jpg 1 163 46 52 52
0029_0096_0030_0096_0096.jpg 1 96 30 96 96
0030_0045_0026_0069_0069.jpg 1 45 26 69 69
0031_0075_0048_0109_0109.jpg 1 75 48 109 109
0032_0177_0035_0032_0032.jpg 1 177 35 32 32
0033_0125_0030_0083_0083.jpg 1 125 30 83 83
0034_0060_0066_0062_0062.jpg 1 60 66 62 62
0035_0033_0019_0094_0094.jpg 1 33 19 94 94
0036_0070_0021_0093_0093.jpg 1 70 21 93 93
0037_0179_0021_0040_0040.jpg 1 179 21 40 40
0038_0124_0101_0068_0068.jpg 1 124 101 68 68
0039_0048_0021_0026_0026.jpg 1 48 21 26 26
0040_0076_0041_0112_0112.jpg 1 76 41 112 112
0041_0054_0067_0039_0039.jpg 1 54 67 39 39
0042_0079_0027_0077_0077.jpg 1 79 27 77 77
0043_0131_0143_0027_0027.jpg 1 131 143 27 27
0044_0098_0059_0095_0095.jpg 1 98 59 95 95
0045_0115_0029_0105_0105.jpg 1 115 29 105 105
0046_0068_0059_0030_0030.jpg 1 68 59 30 30
0047_0057_0078_0083_0083.jpg 1 57 78 83 83
0048_0127_0042_0029_0029.jpg 1 127 42 29 29
0049_0111_0055_0061_0061.jpg 1 111 55 61 61
0050_0036_0104_0026_0026.jpg 1 36 104 26 26
