0001_0024_0110_0043_0043.jpg 1 24 110 43 43
0002_0089_0090_0081_0081.jpg 1 89 90 81 81
0003_0056_0048_0096_0096.jpg 1 56 48 96 96
0004_0120_0071_0086_0086.jpg 1 120 71 86 86
0005_0122_0024_0109_0109.jpg 1 122 24 109 109
0006_0037_0031_0074_0074.jpg 1 37 31 74 74
0007_0059_0042_0078_0078.jpg 1 59 42 78 78
0008_0065_0030_0107_0107.jpg 1 65 30 107 107
0009_0016_0055_0095_0095.jpg 1 16 55 95 95
0010_0107_0139_0047_0047.jpg 1 107 139 47 47
0011_0031_0103_0088_0088.jpg 1 31 103 88 88
0012_0067_0040_0123_0123.jpg 1 67 40 123 123
0013_0065_0074_0087_0087.jpg 1 65 74 87 87
0014_0100_0012_0105_0105.jpg 1 100 12 105 105
0015_0063_0041_0111_0111.jpg 1 63 41 111 111
0016_0085_0050_0095_0095.jpg 1 85 50 95 95
0017_0040_0012_0119_0119.jpg 1 40 12 119 119
0018_0022_0016_0128_0128.jpg 1 22 16 128 128
0019_0025_0018_0081_0081.jpg 1 25 18 81 81
0020_0143_0033_0090_0090.jpg 1 143 33 90 90
0021_0090_0112_0037_0037.jpg 1 90 112 37 37
0022_0073_0177_0025_0025.jpg 1 73 177 25 25
0023_0080_0031_0121_0121.jpg 1 80 31 121 121
0024_0104_0096_0062_0062.jpg 1 104 96 62 62
0025_0112_0068_0068_0068.jpg 1 112 68 68 68
0026_0094_0051_0118_0118.jpg 1 94 51 118 118
0027_0093_0024_0107_0107.jpg 1 93 24 107 107
0028_0049_0197_0078_0078.jpg 1 49 197 78 78
0029_0162_0045_0065_0065.jpg 1 162 45 65 65
0030_0070_0082_0059_0059.jpg 1 70 82 59 59
0031_0116_0045_0079_0079.jpg 1 116 45 79 79
0032_0073_0010_0079_0079.jpg 1 73 10 79 79
0033_0022_0049_0121_0121.jpg 1 22 49 121 121
0034_0064_0098_0067_0067.jpg 1 64 98 67 67
0035_0039_0045_0069_0069.jpg 1 39 45 69 69
0036_0080_0037_0065_0065.jpg 1 80 37 65 65
0037_0042_0063_0079_0079.jpg 1 42 63 79 79
0038_0019_0019_0073_0073.jpg 1 19 19 73 73
0039_0037_0090_0080_0080.jpg 1 37 90 80 80
0040_0106_0058_0112_0112.jpg 1 106 58 112 112
0041_0146_0022_0078_0078.jpg 1 146 22 78 78
0042_0125_0034_0095_0095.jpg 1 125 34 95 95
0043_0074_0061_0074_0074.jpg 1 74 61 74 74
0044_0119_0139_0025_0025.jpg 1 119 139 25 25
0045_0113_0062_0079_0079.jpg 1 113 62 79 79
0046_0155_0080_0075_0075.jpg 1 155 80 75 75
0047_0123_0057_0097_0097.jpg 1 123 57 97 97
0048_0066_0079_0057_0057.jpg 1 66 79 57 57
0049_0097_0065_0088_0088.jpg 1 97 65 88 88
0050_0017_0044_0093_0093.jpg 1 17 44 93 93
