0001_0066_0031_0033_0033.jpg 1 66 31 33 33
0002_0107_0033_0095_0095.jpg 1 107 33 95 95
0003_0141_0014_0071_0071.jpg 1 141 14 71 71
0004_0063_0036_0092_0092.jpg 1 63 36 92 92
0005_0059_0135_0067_0067.jpg 1 59 135 67 67
0006_0057_0067_0094_0094.jpg 1 57 67 94 94
0007_0100_0029_0126_0126.jpg 1 100 29 126 126
0008_0083_0083_0044_0044.jpg 1 83 83 44 44
0009_0057_0010_0129_0129.jpg 1 57 10 129 129
0010_0113_0062_0092_0092.jpg 1 113 62 92 92
0011_0072_0084_0079_0079.jpg 1 72 84 79 79
0012_0046_0034_0070_0070.jpg 1 46 34 70 70
0013_0166_0055_0053_0053.jpg 1 166 55 53 53
0014_0027_0041_0128_0128.jpg 1 27 41 128 128
0015_0098_0151_0034_0034.jpg 1 98 151 34 34
0016_0122_0038_0060_0060.jpg 1 122 38 60 60
0017_0072_0047_0126_0126.jpg 1 72 47 126 126
0018_0021_0026_0062_0062.jpg 1 21 26 62 62
0019_0030_0011_0124_0124.jpg 1 30 11 124 124
0020_0090_0187_0031_0031.jpg 1 90 187 31 31
0021_0068_0045_0058_0058.jpg 1 68 45 58 58
0022_0049_0022_0105_0105.jpg 1 49 22 105 105
0023_0048_0029_0038_0038.jpg 1 48 29 38 38
0024_0035_0028_0113_0113.jpg 1 35 28 113 113
0025_0035_0059_0034_0034.jpg 1 35 59 34 34
0026_0013_0069_0124_0124.jpg 1 13 69 124 124
0027_0075_0079_0047_0047.jpg 1 75 79 47 47
0028_0096_0053_0059_0059.jpg 1 96 53 59 59
0029_0127_0066_0089_0089.jpg 1 127 66 89 89
0030_0032_0010_0089_0089.jpg 1 32 10 89 89
0031_0069_0023_0071_0071.jpg 1 69 23 71 71
0032_0111_0070_0092_0092.jpg 1 111 70 92 92
0033_0076_0040_0122_0122.jpg 1 76 40 122 122
0034_0092_0040_0056_0056.jpg 1 92 40 56 56
0035_0059_0051_0084_0084.jpg 1 59 51 84 84
0036_0127_0036_0095_0095.jpg 1 127 36 95 95
0037_0145_0075_0057_0057.jpg 1 145 75 57 57
0038_0082_0039_0095_0095.jpg 1 82 39 95 95
0039_0044_0119_0053_0053.jpg 1 44 119 53 53
0040_0113_0044_0106_0106.jpg 1 113 44 106 106
0041_0132_0056_0070_0070.jpg 1 132 56 70 70
0042_0162_0062_0059_0059.jpg 1 162 62 59 59
0043_0072_0038_0117_0117.jpg 1 72 38 117 117
0044_0069_0017_0091_0091.jpg 1 69 17 91 91
0045_0058_0034_0084_0084.jpg 1 58 34 84 84
0046_0112_0014_0121_0121.jpg 1 112 14 121 121
0047_0076_0178_0061_0061.jpg 1 76 178 61 61
0048_0084_0016_0114_0114.jpg 1 84 16 114 114
0049_0052_0048_0069_0069.jpg 1 52 48 69 69
0050_0063_0111_0024_0024.jpg 1 63 111 24 24
