0001_0029_0071_0065_0065.jpg 1 29 71 65 65
0002_0088_0061_0078_0078.jpg 1 88 61 78 78
0003_0078_0078_0073_0073.jpg 1 78 78 73 73
0004_0114_0036_0074_0074.jpg 1 114 36 74 74
0005_0070_0061_0117_0117.jpg 1 70 61 117 117
0006_0137_0043_0036_0036.jpg 1 137 43 36 36
0007_0105_0104_0051_0051.jpg 1 105 104 51 51
0008_0128_0043_0058_0058.jpg 1 128 43 58 58
0009_0057_0062_0032_0032.jpg 1 57 62 32 32
0010_0070_0057_0092_0092.jpg 1 70 57 92 92
0011_0107_0092_0056_0056.jpg 1 107 92 56 56
0012_0026_0054_0068_0068.jpg 1 26 54 68 68
0013_0041_0033_0110_0110.jpg 1 41 33 110 110
0014_0027_0088_0033_0033.jpg 1 27 88 33 33
0015_0050_0090_0050_0050.jpg 1 50 90 50 50
0016_0120_0035_0078_0078.jpg 1 120 35 78 78
0017_0007_0134_0118_0118.jpg 1 7 134 118 118
0018_0099_0011_0080_0080.jpg 1 99 11 80 80
0019_0176_0022_0036_0036.jpg 1 176 22 36 36
0020_0048_0035_0071_0071.jpg 1 48 35 71 71
0021_0112_0045_0091_0091.jpg 1 112 45 91 91
0022_0049_0059_0034_0034.jpg 1 49 59 34 34
0023_0187_0104_0036_0036.jpg 1 187 104 36 36
0024_0067_0025_0078_0078.jpg 1 67 25 78 78
0025_0129_0056_0096_0096.jpg 1 129 56 96 96
0026_0158_0102_0030_0030.jpg 1 158 102 30 30
0027_0102_0025_0064_0064.jpg 1 102 25 64 64
0028_0055_0047_0104_0104.jpg 1 55 47 104 104
0029_0056_0048_0035_0035.jpg 1 56 48 35 35
0030_0114_0031_0092_0092.jpg 1 114 31 92 92
0031_0041_0099_0050_0050.jpg 1 41 99 50 50
0032_0097_0039_0039_0039.jpg 1 97 39 39 39
0033_0115_0014_0121_0121.jpg 1 115 14 121 121
0034_0161_0028_0055_0055.jpg 1 161 28 55 55
0035_0103_0096_0028_0028.jpg 1 103 96 28 28
0036_0174_0037_0051_0051.jpg 1 174 37 51 51
0037_0054_0117_0047_0047.jpg 1 54 117 47 47
0038_0034_0108_0036_0036.jpg 1 34 108 36 36
0039_0131_0099_0071_0071.jpg 1 131 99 71 71
0040_0101_0064_0033_0033.jpg 1 101 64 33 33
0041_0046_0072_0030_0030.jpg 1 46 72 30 30
0042_0112_0008_0108_0108.jpg 1 112 8 108 108
0043_0078_0027_0103_0103.jpg 1 78 27 103 103
0044_0087_0041_0081_0081.jpg 1 87 41 81 81
0045_0158_0019_0060_0060.jpg 1 158 19 60 60
0046_0078_0095_0041_0041.jpg 1 78 95 41 41
0047_0050_0051_0054_0054.jpg 1 50 51 54 54
0048_0069_0045_0093_0093.jpg 1 69 45 93 93
0049_0042_0076_0098_0098.jpg 1 42 76 98 98
0050_0175_0078_0035_0035.jpg 1 175 78 35 35
