0001_0169_0124_0026_0026.jpg 1 169 124 26 26
0002_0022_0045_0115_0115.jpg 1 22 45 115 115
0003_0057_0082_0070_0070.jpg 1 57 82 70 70
0004_0136_0110_0030_0030.jpg 1 136 110 30 30
0005_0101_0072_0098_0098.jpg 1 101 72 98 98
0006_0192_0077_0031_0031.jpg 1 192 77 31 31
0007_0114_0018_0033_0033.jpg 1 114 18 33 33
0008_0144_0052_0058_0058.jpg 1 144 52 58 58
0009_0058_0071_0094_0094.jpg 1 58 71 94 94
0010_0122_0029_0092_0092.jpg 1 122 29 92 92
0011_0127_0026_0108_0108.jpg 1 127 26 108 108
0012_0131_0015_0067_0067.jpg 1 131 15 67 67
0013_0056_0083_0057_0057.jpg 1 56 83 57 57
0014_0007_0050_0125_0125.jpg 1 7 50 125 125
0015_0156_0030_0068_0068.jpg 1 156 30 68 68
0016_0035_0024_0122_0122.jpg 1 35 24 122 122
0017_0018_0021_0128_0128.jpg 1 18 21 128 128
0018_0134_0033_0024_0024.jpg 1 134 33 24 24
0019_0040_0009_0114_0114.jpg 1 40 9 114 114
0020_0053_0067_0034_0034.jpg 1 53 67 34 34
0021_0090_0058_0091_0091.jpg 1 90 58 91 91
0022_0148_0115_0052_0052.jpg 1 148 115 52 52
0023_0149_0056_0028_0028.jpg 1 149 56 28 28
0024_0078_0052_0115_0115.jpg 1 78 52 115 115
0025_0081_0045_0084_0084.jpg 1 81 45 84 84
0026_0043_0177_0071_0071.jpg 1 43 177 71 71
0027_0176_0058_0047_0047.jpg 1 176 58 47 47
0028_0045_0034_0074_0074.jpg 1 45 34 74 74
0029_0073_0023_0120_0120.jpg 1 73 23 120 120
0030_0124_0055_0038_0038.jpg 1 124 55 38 38
0031_0034_0062_0076_0076.jpg 1 34 62 76 76
0032_0064_0024_0075_0075.jpg 1 64 24 75 75
0033_0135_0040_0098_0098.jpg 1 135 40 98 98
0034_0077_0079_0091_0091.jpg 1 77 79 91 91
0035_0025_0020_0062_0062.jpg 1 25 20 62 62
0036_0131_0069_0044_0044.jpg 1 131 69 44 44
0037_0041_0051_0069_0069.jpg 1 41 51 69 69
0038_0057_0015_0114_0114.jpg 1 57 15 114 114
0039_0038_0060_0118_0118.jpg 1 38 60 118 118
0040_0067_0042_0056_0056.jpg 1 67 42 56 56
0041_0066_0076_0042_0042.jpg 1 66 76 42 42
0042_0191_0122_0037_0037.jpg 1 191 122 37 37
0043_0095_0070_0064_0064.jpg 1 95 70 64 64
0044_0159_0092_0025_0025.jpg 1 159 92 25 25
0045_0047_0030_0096_0096.jpg 1 47 30 96 96
0046_0098_0037_0095_0095.jpg 1 98 37 95 95
0047_0183_0076_0041_0041.jpg 1 183 76 41 41
0048_0070_0097_0100_0100.jpg 1 70 97 100 100
0049_0096_0007_0124_0124.jpg 1 96 7 124 124
0050_0070_0040_0104_0104.jpg 1 70 40 104 104
