0001_0084_0024_0057_0057.jpg 1 84 24 57 57
0002_0037_0075_0080_0080.jpg 1 37 75 80 80
0003_0070_0118_0050_0050.jpg 1 70 118 50 50
0004_0066_0023_0087_0087.jpg 1 66 23 87 87
0005_0156_0128_0041_0041.jpg 1 156 128 41 41
0006_0095_0022_0067_0067.jpg 1 95 22 67 67
0007_0141_0111_0028_0028.jpg 1 141 111 28 28
0008_0117_0055_0050_0050.jpg 1 117 55 50 50
0009_0119_0056_0088_0088.jpg 1 119 56 88 88
0010_0162_0071_0039_0039.jpg 1 162 71 39 39
0011_0023_0037_0024_0024.jpg 1 23 37 24 24
0012_0061_0133_0032_0032.jpg 1 61 133 32 32
0013_0023_0025_0085_0085.jpg 1 23 25 85 85
0014_0074_0041_0063_0063.jpg 1 74 41 63 63
0015_0045_0064_0052_0052.jpg 1 45 64 52 52
0016_0130_0046_0041_0041.jpg 1 130 46 41 41
0017_0027_0119_0026_0026.jpg 1 27 119 26 26
0018_0042_0192_0069_0069.jpg 1 42 192 69 69
0019_0188_0135_0027_0027.jpg 1 188 135 27 27
0020_0027_0080_0041_0041.jpg 1 27 80 41 41
0021_0070_0049_0100_0100.jpg 1 70 49 100 100
0022_0044_0062_0088_0088.jpg 1 44 62 88 88
0023_0046_0068_0050_0050.jpg 1 46 68 50 50
0024_0083_0100_0052_0052.jpg 1 83 100 52 52
0025_0145_0079_0071_0071.jpg 1 145 79 71 71
0026_0049_0027_0102_0102.jpg 1 49 27 102 102
0027_0138_0085_0031_0031.jpg 1 138 85 31 31
0028_0086_0079_0089_0089.jpg 1 86 79 89 89
0029_0030_0075_0072_0072.jpg 1 30 75 72 72
0030_0136_0023_0076_0076.jpg 1 136 23 76 76
0031_0153_0066_0046_0046.jpg 1 153 66 46 46
0032_0126_0015_0067_0067.jpg 1 126 15 67 67
0033_0132_0129_0033_0033.jpg 1 132 129 33 33
0034_0086_0057_0099_0099.jpg 1 86 57 99 99
0035_0061_0066_0033_0033.jpg 1 61 66 33 33
0036_0063_0034_0103_0103.jpg 1 63 34 103 103
0037_0095_0080_0032_0032.jpg 1 95 80 32 32
0038_0039_0089_0082_0082.jpg 1 39 89 82 82
0039_0020_0040_0100_0100.jpg 1 20 40 100 100
0040_0124_0075_0027_0027.jpg 1 124 75 27 27
0041_0081_0078_0086_0086.jpg 1 81 78 86 86
0042_0116_0021_0104_0104.jpg 1 116 21 104 104
0043_0023_0060_0052_0052.jpg 1 23 60 52 52
0044_0048_0066_0030_0030.jpg 1 48 66 30 30
0045_0022_0047_0044_0044.jpg 1 22 47 44 44
0046_0138_0064_0084_0084.jpg 1 138 64 84 84
0047_0162_0017_0057_0057.jpg 1 162 17 57 57
0048_0138_0024_0074_0074.jpg 1 138 24 74 74
0049_0062_0019_0080_0080.jpg 1 62 19 80 80
0050_0028_0110_0063_0063.jpg 1 28 110 63 63
