0001_0049_0031_0123_0123.jpg 1 49 31 123 123
0002_0135_0035_0052_0052.jpg 1 135 35 52 52
0003_0018_0070_0105_0105.jpg 1 18 70 105 105
0004_0079_0050_0126_0126.jpg 1 79 50 126 126
0005_0071_0046_0032_0032.jpg 1 71 46 32 32
0006_0127_0037_0031_0031.jpg 1 127 37 31 31
0007_0097_0017_0070_0070.jpg 1 97 17 70 70
0008_0093_0024_0058_0058.jpg 1 93 24 58 58
0009_0031_0079_0024_0024.jpg 1 31 79 24 24
0010_0111_0024_0108_0108.jpg 1 111 24 108 108
0011_0064_0074_0055_0055.jpg 1 64 74 55 55
0012_0159_0011_0072_0072.jpg 1 159 11 72 72
0013_0026_0007_0121_0121.jpg 1 26 7 121 121
0014_0095_0083_0093_0093.jpg 1 95 83 93 93
0015_0171_0128_0030_0030.jpg 1 171 128 30 30
0016_0074_0037_0101_0101.jpg 1 74 37 101 101
0017_0060_0028_0121_0121.jpg 1 60 28 121 121
0018_0068_0068_0063_0063.jpg 1 68 68 63 63
0019_0088_0046_0123_0123.jpg 1 88 46 123 123
0020_0059_0046_0112_0112.jpg 1 59 46 112 112
0021_0040_0086_0032_0032.jpg 1 40 86 32 32
0022_0115_0030_0118_0118.jpg 1 115 30 118 118
0023_0041_0022_0084_0084.jpg 1 41 22 84 84
0024_0112_0070_0094_0094.jpg 1 112 70 94 94
0025_0079_0047_0122_0122.jpg 1 79 47 122 122
0026_0060_0049_0104_0104.jpg 1 60 49 104 104
0027_0045_0022_0101_0101.jpg 1 45 22 101 101
0028_0092_0082_0030_0030.jpg 1 92 82 30 30
0029_0058_0087_0070_0070.jpg 1 58 87 70 70
0030_0154_0066_0068_0068.jpg 1 154 66 68 68
0031_0078_0024_0110_0110.jpg 1 78 24 110 110
0032_0008_0110_0126_0126.jpg 1 8 110 126 126
0033_0134_0045_0037_0037.jpg 1 134 45 37 37
0034_0085_0039_0105_0105.jpg 1 85 39 105 105
0035_0047_0069_0107_0107.jpg 1 47 69 107 107
0036_0105_0073_0051_0051.jpg 1 105 73 51 51
0037_0033_0072_0090_0090.jpg 1 33 72 90 90
0038_0111_0029_0105_0105.jpg 1 111 29 105 105
0039_0051_0118_0048_0048.jpg 1 51 118 48 48
0040_0159_0039_0070_0070.jpg 1 159 39 70 70
0041_0127_0123_0027_0027.jpg 1 127 123 27 27
0042_0069_0020_0110_0110.jpg 1 69 20 110 110
0043_0035_0073_0065_0065.jpg 1 35 73 65 65
0044_0036_0063_0115_0115.jpg 1 36 63 115 115
0045_0036_0059_0088_0088.jpg 1 36 59 88 88
0046_0040_0092_0059_0059.jpg 1 40 92 59 59
0047_0156_0096_0055_0055.jpg 1 156 96 55 55
0048_0082_0174_0055_0055.jpg 1 82 174 55 55
0049_0112_0068_0101_0101.jpg 1 112 68 101 101
0050_0044_0061_0041_0041.jpg 1 44 61 41 41
