0001_0098_0020_0113_0113.jpg 1 98 20 113 113
0002_0067_0062_0049_0049.jpg 1 67 62 49 49
0003_0147_0089_0039_0039.jpg 1 147 89 39 39
0004_0109_0066_0072_0072.jpg 1 109 66 72 72
0005_0141_0025_0035_0035.jpg 1 141 25 35 35
0006_0100_0024_0079_0079.jpg 1 100 24 79 79
0007_0104_0017_0102_0102.jpg 1 104 17 102 102
0008_0182_0069_0027_0027.jpg 1 182 69 27 27
0009_0037_0039_0070_0070.jpg 1 37 39 70 70
0010_0035_0104_0030_0030.jpg 1 35 104 30 30
0011_0063_0013_0104_0104.jpg 1 63 13 104 104
0012_0029_0074_0056_0056.jpg 1 29 74 56 56
0013_0043_0045_0041_0041.jpg 1 43 45 41 41
0014_0168_0019_0060_0060.jpg 1 168 19 60 60
0015_0129_0043_0074_0074.jpg 1 129 43 74 74
0016_0073_0012_0127_0127.jpg 1 73 12 127 127
0017_0033_0062_0115_0115.jpg 1 33 62 115 115
0018_0046_0026_0068_0068.jpg 1 46 26 68 68
0019_0132_0013_0085_0085.jpg 1 132 13 85 85
0020_0047_0020_0097_0097.jpg 1 47 20 97 97
0021_0163_0101_0055_0055.jpg 1 163 101 55 55
0022_0116_0067_0082_0082.jpg 1 116 67 82 82
0023_0093_0090_0032_0032.jpg 1 93 90 32 32
0024_0092_0054_0067_0067.jpg 1 92 54 67 67
0025_0080_0031_0025_0025.jpg 1 80 31 25 25
0026_0185_0034_0039_0039.jpg 1 185 34 39 39
0027_0050_0064_0061_0061.jpg 1 50 64 61 61
0028_0117_0021_0091_0091.jpg 1 117 21 91 91
0029_0017_0039_0079_0079.jpg 1 17 39 79 79
0030_0114_0088_0051_0051.jpg 1 114 88 51 51
0031_0050_0078_0037_0037.jpg 1 50 78 37 37
0032_0030_0057_0091_0091.jpg 1 30 57 91 91
0033_0044_0052_0104_0104.jpg 1 44 52 104 104
0034_0079_0044_0095_0095.jpg 1 79 44 95 95
0035_0088_0021_0068_0068.jpg 1 88 21 68 68
0036_0183_0088_0043_0043.jpg 1 183 88 43 43
0037_0069_0097_0071_0071.jpg 1 69 97 71 71
0038_0050_0125_0026_0026.jpg 1 50 125 26 26
0039_0036_0094_0078_0078.jpg 1 36 94 78 78
0040_0053_0058_0054_0054.jpg 1 53 58 54 54
0041_0037_0049_0091_0091.jpg 1 37 49 91 91
0042_0025_0094_0051_0051.jpg 1 25 94 51 51
0043_0141_0060_0055_0055.jpg 1 141 60 55 55
0044_0148_0056_0082_0082.jpg 1 148 56 82 82
0045_0065_0061_0086_0086.jpg 1 65 61 86 86
0046_0028_0075_0032_0032.jpg 1 28 75 32 32
0047_0073_0081_0042_0042.jpg 1 73 81 42 42
0048_0168_0106_0044_0044.jpg 1 168 106 44 44
0049_0040_0027_0072_0072.jpg 1 40 27 72 72
0050_0039_0058_0121_0121.jpg 1 39 58 121 121
