0001_0154_0029_0059_0059.jpg 1 154 29 59 59
0002_0055_0055_0075_0075.jpg 1 55 55 75 75
0003_0019_0128_0130_0130.jpg 1 19 128 130 130
0004_0111_0065_0072_0072.jpg 1 111 65 72 72
0005_0118_0043_0071_0071.jpg 1 118 43 71 71
0006_0076_0057_0096_0096.jpg 1 76 57 96 96
0007_0044_0012_0072_0072.jpg 1 44 12 72 72
0008_0030_0059_0107_0107.jpg 1 30 59 107 107
0009_0089_0025_0117_0117.jpg 1 89 25 117 117
0010_0093_0022_0079_0079.jpg 1 93 22 79 79
0011_0196_0113_0024_0024.jpg 1 196 113 24 24
0012_0094_0054_0098_0098.jpg 1 94 54 98 98
0013_0079_0008_0109_0109.jpg 1 79 8 109 109
0014_0104_0086_0065_0065.jpg 1 104 86 65 65
0015_0156_0031_0075_0075.jpg 1 156 31 75 75
0016_0068_0066_0083_0083.jpg 1 68 66 83 83
0017_0078_0036_0039_0039.jpg 1 78 36 39 39
0018_0177_0044_0033_0033.jpg 1 177 44 33 33
0019_0133_0051_0086_0086.jpg 1 133 51 86 86
0020_0114_0102_0027_0027.jpg 1 114 102 27 27
0021_0038_0024_0037_0037.jpg 1 38 24 37 37
0022_0074_0056_0104_0104.jpg 1 74 56 104 104
0023_0117_0015_0072_0072.jpg 1 117 15 72 72
0024_0117_0043_0107_0107.jpg 1 117 43 107 107
0025_0059_0081_0055_0055.jpg 1 59 81 55 55
0026_0090_0034_0081_0081.jpg 1 90 34 81 81
0027_0087_0014_0111_0111.jpg 1 87 14 111 111
0028_0017_0088_0092_0092.jpg 1 17 88 92 92
0029_0030_0043_0115_0115.jpg 1 30 43 115 115
0030_0069_0046_0129_0129.jpg 1 69 46 129 129
0031_0031_0045_0024_0024.jpg 1 31 45 24 24
0032_0077_0012_0094_0094.jpg 1 77 12 94 94
0033_0055_0013_0117_0117.jpg 1 55 13 117 117
0034_0073_0113_0097_0097.jpg 1 73 113 97 97
0035_0059_0082_0068_0068.jpg 1 59 82 68 68
0036_0087_0102_0054_0054.jpg 1 87 102 54 54
0037_0103_0048_0116_0116.jpg 1 103 48 116 116
0038_0073_0017_0108_0108.jpg 1 73 17 108 108
0039_0097_0053_0091_0091.jpg 1 97 53 91 91
0040_0046_0047_0123_0123.jpg 1 46 47 123 123
0041_0024_0039_0104_0104.jpg 1 24 39 104 104
0042_0168_0024_0025_0025.jpg 1 168 24 25 25
0043_0063_0020_0119_0119.jpg 1 63 20 119 119
0044_0019_0098_0066_0066.jpg 1 19 98 66 66
0045_0090_0089_0063_0063.jpg 1 90 89 63 63
0046_0025_0012_0122_0122.jpg 1 25 12 122 122
0047_0093_0144_0031_0031.jpg 1 93 144 31 31
0048_0039_0030_0111_0111.jpg 1 39 30 111 111
0049_0099_0115_0034_0034.jpg 1 99 115 34 34
0050_0054_0050_0055_0055.jpg 1 54 50 55 55
