0001_0122_0032_0036_0036.jpg 1 122 32 36 36
0002_0026_0070_0076_0076.jpg 1 26 70 76 76
0003_0069_0061_0038_0038.jpg 1 69 61 38 38
0004_0053_0227_0047_0047.jpg 1 53 227 47 47
0005_0079_0114_0025_0025.jpg 1 79 114 25 25
0006_0114_0046_0102_0102.jpg 1 114 46 102 102
0007_0047_0102_0048_0048.jpg 1 47 102 48 48
0008_0054_0064_0041_0041.jpg 1 54 64 41 41
0009_0062_0039_0039_0039.jpg 1 62 39 39 39
0010_0105_0044_0067_0067.jpg 1 105 44 67 67
0011_0038_0030_0111_0111.jpg 1 38 30 111 111
0012_0099_0039_0112_0112.jpg 1 99 39 112 112
0013_0154_0062_0032_0032.jpg 1 154 62 32 32
0014_0140_0040_0083_0083.jpg 1 140 40 83 83
0015_0107_0019_0104_0104.jpg 1 107 19 104 104
0016_0167_0019_0025_0025.jpg 1 167 19 25 25
0017_0114_0063_0072_0072.jpg 1 114 63 72 72
0018_0128_0046_0056_0056.jpg 1 128 46 56 56
0019_0065_0119_0061_0061.jpg 1 65 119 61 61
0020_0046_0059_0109_0109.jpg 1 46 59 109 109
0021_0020_0028_0064_0064.jpg 1 20 28 64 64
0022_0127_0053_0108_0108.jpg 1 127 53 108 108
0023_0016_0162_0085_0085.jpg 1 16 162 85 85
0024_0040_0025_0098_0098.jpg 1 40 25 98 98
0025_0122_0019_0078_0078.jpg 1 122 19 78 78
0026_0170_0042_0030_0030.jpg 1 170 42 30 30
0027_0026_0093_0073_0073.jpg 1 26 93 73 73
0028_0068_0098_0069_0069.jpg 1 68 98 69 69
0029_0041_0091_0092_0092.jpg 1 41 91 92 92
0030_0169_0111_0042_0042.jpg 1 169 111 42 42
0031_0081_0049_0099_0099.jpg 1 81 49 99 99
0032_0126_0082_0064_0064.jpg 1 126 82 64 64
0033_0084_0050_0109_0109.jpg 1 84 50 109 109
0034_0129_0031_0027_0027.jpg 1 129 31 27 27
0035_0030_0058_0107_0107.jpg 1 30 58 107 107
0036_0080_0122_0027_0027.jpg 1 80 122 27 27
0037_0097_0085_0074_0074.jpg 1 97 85 74 74
0038_0077_0028_0045_0045.jpg 1 77 28 45 45
0039_0064_0093_0074_0074.jpg 1 64 93 74 74
0040_0049_0068_0095_0095.jpg 1 49 68 95 95
0041_0072_0092_0060_0060.jpg 1 72 92 60 60
0042_0158_0043_0025_0025.jpg 1 158 43 25 25
0043_0015_0054_0102_0102.jpg 1 15 54 102 102
0044_0137_0044_0051_0051.jpg 1 137 44 51 51
0045_0045_0184_0064_0064.jpg 1 45 184 64 64
0046_0023_0045_0058_0058.jpg 1 23 45 58 58
0047_0109_0019_0054_0054.jpg 1 109 19 54 54
0048_0118_0042_0046_0046.jpg 1 118 42 46 46
0049_0044_0063_0092_0092.jpg 1 44 63 92 92
0050_0058_0050_0071_0071.jpg 1 58 50 71 71
