0001_0085_0065_0070_0070.jpg 1 85 65 70 70
0002_0110_0044_0114_0114.jpg 1 110 44 114 114
0003_0051_0046_0031_0031.jpg 1 51 46 31 31
0004_0108_0021_0043_0043.jpg 1 108 21 43 43
0005_0079_0201_0054_0054.jpg 1 79 201 54 54
0006_0037_0138_0086_0086.jpg 1 37 138 86 86
0007_0147_0054_0084_0084.jpg 1 147 54 84 84
0008_0034_0069_0064_0064.jpg 1 34 69 64 64
0009_0078_0063_0108_0108.jpg 1 78 63 108 108
0010_0168_0115_0031_0031.jpg 1 168 115 31 31
0011_0080_0010_0107_0107.jpg 1 80 10 107 107
0012_0057_0020_0118_0118.jpg 1 57 20 118 118
0013_0100_0038_0101_0101.jpg 1 100 38 101 101
0014_0027_0033_0104_0104.jpg 1 27 33 104 104
0015_0106_0030_0036_0036.jpg 1 106 30 36 36
0016_0019_0057_0130_0130.jpg 1 19 57 130 130
0017_0088_0115_0051_0051.jpg 1 88 115 51 51
0018_0112_0014_0060_0060.jpg 1 112 14 60 60
0019_0043_0058_0082_0082.jpg 1 43 58 82 82
0020_0032_0055_0085_0085.jpg 1 32 55 85 85
0021_0048_0062_0109_0109.jpg 1 48 62 109 109
0022_0016_0063_0091_0091.jpg 1 16 63 91 91
0023_0038_0039_0108_0108.jpg 1 38 39 108 108
0024_0159_0024_0063_0063.jpg 1 159 24 63 63
0025_0072_0089_0053_0053.jpg 1 72 89 53 53
0026_0116_0042_0079_0079.jpg 1 116 42 79 79
0027_0088_0051_0074_0074.jpg 1 88 51 74 74
0028_0028_0065_0094_0094.jpg 1 28 65 94 94
0029_0123_0025_0093_0093.jpg 1 123 25 93 93
0030_0045_0030_0112_0112.jpg 1 45 30 112 112
0031_0088_0074_0101_0101.jpg 1 88 74 101 101
0032_0013_0062_0108_0108.jpg 1 13 62 108 108
0033_0166_0073_0041_0041.jpg 1 166 73 41 41
0034_0041_0076_0042_0042.jpg 1 41 76 42 42
0035_0140_0049_0087_0087.jpg 1 140 49 87 87
0036_0048_0037_0105_0105.jpg 1 48 37 105 105
0037_0135_0020_0095_0095.jpg 1 135 20 95 95
0038_0072_0107_0050_0050.jpg 1 72 107 50 50
0039_0062_0064_0070_0070.jpg 1 62 64 70 70
0040_0126_0044_0071_0071.jpg 1 126 44 71 71
0041_0090_0170_0046_0046.jpg 1 90 170 46 46
0042_0081_0108_0037_0037.jpg 1 81 108 37 37
0043_0092_0090_0061_0061.jpg 1 92 90 61 61
0044_0127_0061_0085_0085.jpg 1 127 61 85 85
0045_0161_0136_0026_0026.jpg 1 161 136 26 26
0046_0026_0020_0093_0093.jpg 1 26 20 93 93
0047_0018_0123_0076_0076.jpg 1 18 123 76 76
0048_0115_0057_0030_0030.jpg 1 115 57 30 30
0049_0072_0088_0036_0036.jpg 1 72 88 36 36
0050_0096_0056_0099_0099.jpg 1 96 56 99 99
