0001_0082_0012_0125_0125.jpg 1 82 12 125 125
0002_0082_0020_0097_0097.jpg 1 82 20 97 97
0003_0093_0062_0053_0053.jpg 1 93 62 53 53
0004_0199_0116_0024_0024.jpg 1 199 116 24 24
0005_0096_0024_0024_0024.jpg 1 96 24 24 24
0006_0121_0018_0031_0031.jpg 1 121 18 31 31
0007_0103_0048_0081_0081.jpg 1 103 48 81 81
0008_0016_0048_0118_0118.jpg 1 16 48 118 118
0009_0030_0023_0124_0124.jpg 1 30 23 124 124
0010_0157_0107_0063_0063.jpg 1 157 107 63 63
0011_0094_0031_0061_0061.jpg 1 94 31 61 61
0012_0107_0020_0111_0111.jpg 1 107 20 111 111
0013_0166_0054_0057_0057.jpg 1 166 54 57 57
0014_0038_0140_0025_0025.jpg 1 38 140 25 25
0015_0020_0046_0085_0085.jpg 1 20 46 85 85
0016_0140_0085_0037_0037.jpg 1 140 85 37 37
0017_0128_0066_0067_0067.jpg 1 128 66 67 67
0018_0067_0051_0115_0115.jpg 1 67 51 115 115
0019_0085_0055_0095_0095.jpg 1 85 55 95 95
0020_0037_0029_0124_0124.jpg 1 37 29 124 124
0021_0061_0043_0119_0119.jpg 1 61 43 119 119
0022_0039_0044_0086_0086.jpg 1 39 44 86 86
0023_0078_0090_0057_0057.jpg 1 78 90 57 57
0024_0030_0028_0115_0115.jpg 1 30 28 115 115
0025_0125_0095_0051_0051.jpg 1 125 95 51 51
0026_0055_0015_0069_0069.jpg 1 55 15 69 69
0027_0038_0089_0083_0083.jpg 1 38 89 83 83
0028_0058_0071_0095_0095.jpg 1 58 71 95 95
0029_0068_0031_0069_0069.jpg 1 68 31 69 69
0030_0073_0100_0042_0042.jpg 1 73 100 42 42
0031_0042_0023_0096_0096.jpg 1 42 23 96 96
0032_0034_0011_0130_0130.jpg 1 34 11 130 130
0033_0055_0069_0083_0083.jpg 1 55 69 83 83
0034_0099_0048_0113_0113.jpg 1 99 48 113 113
0035_0126_0033_0083_0083.jpg 1 126 33 83 83
0036_0047_0093_0043_0043.jpg 1 47 93 43 43
0037_0038_0057_0055_0055.jpg 1 38 57 55 55
0038_0048_0087_0041_0041.jpg 1 48 87 41 41
0039_0034_0209_0035_0035.jpg 1 34 209 35 35
0040_0104_0043_0043_0043.jpg 1 104 43 43 43
0041_0096_0089_0029_0029.jpg 1 96 89 29 29
0042_0126_0030_0102_0102.jpg 1 126 30 102 102
0043_0047_0024_0104_0104.jpg 1 47 24 104 104
0044_0073_0038_0118_0118.jpg 1 73 38 118 118
0045_0164_0086_0066_0066.jpg 1 164 86 66 66
0046_0049_0016_0067_0067.jpg 1 49 16 67 67
0047_0104_0097_0048_0048.jpg 1 104 97 48 48
0048_0100_0014_0122_0122.jpg 1 100 14 122 122
0049_0029_0104_0068_0068.jpg 1 29 104 68 68
0050_0154_0074_0046_0046.jpg 1 154 74 46 46
