0001_0105_0057_0103_0103.jpg 1 105 57 103 103
0002_0056_0016_0059_0059.jpg 1 56 16 59 59
0003_0043_0043_0129_0129.jpg 1 43 43 129 129
0004_0028_0054_0116_0116.jpg 1 28 54 116 116
0005_0019_0041_0094_0094.jpg 1 19 41 94 94
0006_0043_0088_0034_0034.jpg 1 43 88 34 34
0007_0016_0046_0090_0090.jpg 1 16 46 90 90
0008_0051_0047_0091_0091.jpg 1 51 47 91 91
0009_0034_0074_0074_0074.jpg 1 34 74 74 74
0010_0091_0099_0073_0073.jpg 1 91 99 73 73
0011_0089_0045_0105_0105.jpg 1 89 45 105 105
0012_0085_0010_0086_0086.jpg 1 85 10 86 86
0013_0106_0050_0130_0130.jpg 1 106 50 130 130
0014_0023_0015_0119_0119.jpg 1 23 15 119 119
0015_0087_0050_0038_0038.jpg 1 87 50 38 38
0016_0022_0009_0114_0114.jpg 1 22 9 114 114
0017_0060_0051_0057_0057.jpg 1 60 51 57 57
0018_0077_0056_0038_0038.jpg 1 77 56 38 38
0019_0046_0174_0086_0086.jpg 1 46 174 86 86
0020_0115_0024_0057_0057.jpg 1 115 24 57 57
0021_0025_0024_0123_0123.jpg 1 25 24 123 123
0022_0036_0039_0069_0069.jpg 1 36 39 69 69
0023_0094_0028_0046_0046.jpg 1 94 28 46 46
0024_0030_0046_0072_0072.jpg 1 30 46 72 72
0025_0059_0065_0081_0081.jpg 1 59 65 81 81
0026_0027_0087_0049_0049.jpg 1 27 87 49 49
0027_0118_0073_0105_0105.jpg 1 118 73 105 105
0028_0025_0017_0120_0120.jpg 1 25 17 120 120
0029_0174_0063_0054_0054.jpg 1 174 63 54 54
0030_0116_0027_0035_0035.jpg 1 116 27 35 35
0031_0066_0015_0066_0066.jpg 1 66 15 66 66
0032_0107_0085_0028_0028.jpg 1 107 85 28 28
0033_0108_0026_0045_0045.jpg 1 108 26 45 45
0034_0168_0089_0041_0041.jpg 1 168 89 41 41
0035_0160_0111_0025_0025.jpg 1 160 111 25 25
0036_0115_0037_0056_0056.jpg 1 115 37 56 56
0037_0083_0065_0105_0105.jpg 1 83 65 105 105
0038_0123_0040_0030_0030.jpg 1 123 40 30 30
0039_0020_0013_0075_0075.jpg 1 20 13 75 75
0040_0019_0017_0062_0062.jpg 1 19 17 62 62
0041_0122_0082_0030_0030.jpg 1 122 82 30 30
0042_0017_0059_0084_0084.jpg 1 17 59 84 84
0043_0018_0038_0124_0124.jpg 1 18 38 124 124
0044_0039_0041_0129_0129.jpg 1 39 41 129 129
0045_0061_0079_0028_0028.jpg 1 61 79 28 28
0046_0039_0030_0122_0122.jpg 1 39 30 122 122
0047_0043_0039_0122_0122.jpg 1 43 39 122 122
0048_0055_0022_0099_0099.jpg 1 55 22 99 99
0049_0029_0025_0126_0126.jpg 1 29 25 126 126
0050_0036_0160_0103_0103.jpg 1 36 160 103 103
