0001_0160_0026_0047_0047.jpg 1 160 26 47 47
0002_0019_0056_0110_0110.jpg 1 19 56 110 110
0003_0114_0044_0097_0097.jpg 1 114 44 97 97
0004_0088_0045_0066_0066.jpg 1 88 45 66 66
0005_0045_0125_0042_0042.jpg 1 45 125 42 42
0006_0071_0116_0024_0024.jpg 1 71 116 24 24
0007_0046_0030_0117_0117.jpg 1 46 30 117 117
0008_0032_0045_0116_0116.jpg 1 32 45 116 116
0009_0113_0091_0072_0072.jpg 1 113 91 72 72
0010_0117_0016_0099_0099.jpg 1 117 16 99 99
0011_0134_0097_0055_0055.jpg 1 134 97 55 55
0012_0068_0076_0068_0068.jpg 1 68 76 68 68
0013_0113_0033_0097_0097.jpg 1 113 33 97 97
0014_0067_0042_0127_0127.jpg 1 67 42 127 127
0015_0075_0059_0062_0062.jpg 1 75 59 62 62
0016_0160_0055_0058_0058.jpg 1 160 55 58 58
0017_0051_0055_0032_0032.jpg 1 51 55 32 32
0018_0081_0022_0079_0079.jpg 1 81 22 79 79
0019_0029_0028_0126_0126.jpg 1 29 28 126 126
0020_0137_0106_0046_0046.jpg 1 137 106 46 46
0021_0017_0006_0130_0130.jpg 1 17 6 130 130
0022_0055_0090_0082_0082.jpg 1 55 90 82 82
0023_0087_0060_0094_0094.jpg 1 87 60 94 94
0024_0128_0224_0024_0024.jpg 1 128 224 24 24
0025_0125_0051_0066_0066.jpg 1 125 51 66 66
0026_0109_0023_0103_0103.jpg 1 109 23 103 103
0027_0157_0094_0052_0052.jpg 1 157 94 52 52
0028_0024_0224_0026_0026.jpg 1 24 224 26 26
0029_0079_0129_0035_0035.jpg 1 79 129 35 35
0030_0041_0074_0029_0029.jpg 1 41 74 29 29
0031_0189_0035_0030_0030.jpg 1 189 35 30 30
0032_0021_0071_0051_0051.jpg 1 21 71 51 51
0033_0128_0037_0103_0103.jpg 1 128 37 103 103
0034_0077_0131_0036_0036.jpg 1 77 131 36 36
0035_0123_0026_0111_0111.jpg 1 123 26 111 111
0036_0138_0029_0046_0046.jpg 1 138 29 46 46
0037_0065_0236_0029_0029.jpg 1 65 236 29 29
0038_0098_0061_0080_0080.jpg 1 98 61 80 80
0039_0029_0061_0030_0030.jpg 1 29 61 30 30
0040_0046_0025_0072_0072.jpg 1 46 25 72 72
0041_0113_0033_0049_0049.jpg 1 113 33 49 49
0042_0080_0016_0121_0121.jpg 1 80 16 121 121
0043_0100_0018_0111_0111.jpg 1 100 18 111 111
0044_0151_0067_0080_0080.jpg 1 151 67 80 80
0045_0091_0023_0106_0106.jpg 1 91 23 106 106
0046_0110_0052_0087_0087.jpg 1 110 52 87 87
0047_0084_0081_0087_0087.jpg 1 84 81 87 87
0048_0115_0037_0034_0034.jpg 1 115 37 34 34
0049_0026_0087_0085_0085.jpg 1 26 87 85 85
0050_0041_0058_0042_0042.jpg 1 41 58 42 42
